Energy outputs   (0.0703 MeV RMS for JP fit) 
       exp      error        BAB         JP       Diff 
    0.0000     0.1000     0.0000     0.0000     0.0000
  -14.7900     0.1000   -14.8643   -14.8642    -0.0001
    0.6560     0.1000   -14.2390     0.6255   -14.8645
    1.5110     0.1000   -13.3503     1.5139   -14.8642
  -31.3200     0.1000   -31.2163   -31.2163    -0.0000
    1.4970     0.1000   -29.7635     1.4529   -31.2164
    1.9790     0.1000   -29.2777     1.9387   -31.2164
    2.6300     0.1000   -28.5505     2.6659   -31.2164
  -44.5880     0.1000   -44.5765   -44.5764    -0.0001
    0.3510     0.1000   -44.1255     0.4510   -44.5765
    0.8030     0.1000   -43.8173     0.7594   -44.5767
    1.2360     0.1000   -43.2157     1.3610   -44.5767
    1.9520     0.1000   -42.6568     1.9195   -44.5763
  -59.6640     0.1000   -59.5748   -59.5748     0.0000
    1.3480     0.1000   -58.0812     1.4936   -59.5748
    2.2160     0.1000   -57.4038     2.1708   -59.5746
    2.2880     0.1000   -57.3462     2.2285   -59.5747
    2.3330     0.1000   -57.1442     2.4306   -59.5748
    2.5240     0.1000   -57.0594     2.5155   -59.5749
    2.7020     0.1000   -56.8225     2.7524   -59.5749
    2.7140     0.1000   -56.7720     2.8028   -59.5748
  -71.2070     0.1000   -71.1596   -71.1597     0.0001
    0.3070     0.1000   -71.0280     0.1317   -71.1597
    0.7120     0.1000   -70.3988     0.7608   -71.1596
    1.1940     0.1000   -70.0210     1.1386   -71.1596
    1.5430     0.1000   -69.6565     1.5033   -71.1598
    1.8670     0.1000   -69.2951     1.8647   -71.1598
  -84.7750     0.1000   -84.7173   -84.7175     0.0002
    1.4540     0.1000   -83.0275     1.6899   -84.7174
    2.1220     0.1000   -82.4888     2.2286   -84.7174
    2.4610     0.1000   -82.1651     2.5521   -84.7172
    1.9670     0.1000   -82.8864     1.8309   -84.7173
    2.7000     0.1000   -82.1982     2.5192   -84.7174
  -94.6910     0.1000   -94.7406   -94.7407     0.0001
    0.3450     0.1000   -94.4752     0.2653   -94.7405
    0.9560     0.1000   -93.8422     0.8987   -94.7409
    1.1910     0.1000   -93.6836     1.0569   -94.7405
    1.4270     0.1000   -93.2555     1.4852   -94.7407
    1.5530     0.1000   -93.2595     1.4809   -94.7404
    1.5710     0.1000   -93.1391     1.6015   -94.7406
    1.7250     0.1000   -93.0097     1.7310   -94.7407
    1.7950     0.1000   -92.9323     1.8083   -94.7406
    1.8590     0.1000   -92.7074     2.0333   -94.7407
    2.1650     0.1000   -92.6804     2.0603   -94.7407
    3.8560     0.1000   -90.7826     3.9579   -94.7405
 -106.6700     0.1000  -106.6541  -106.6540    -0.0001
    1.5650     0.1000  -105.1128     1.5412  -106.6540
    2.2500     0.1000  -104.3866     2.2674  -106.6540
    2.3490     0.1000  -104.2335     2.4206  -106.6541
    2.9170     0.1000  -103.5876     3.0666  -106.6542
    3.0990     0.1000  -103.4708     3.1830  -106.6538
    3.9350     0.1000  -102.8346     3.8197  -106.6543
    4.4310     0.1000  -102.2633     4.3907  -106.6540
 -115.2920     0.1000  -115.3245  -115.3244    -0.0001
    0.4030     0.1000  -114.9816     0.3426  -115.3242
    0.8450     0.1000  -114.4660     0.8586  -115.3246
    1.3490     0.1000  -113.8821     1.4424  -115.3245
    1.3900     0.1000  -114.0378     1.2867  -115.3245
    1.4630     0.1000  -113.8553     1.4693  -115.3246
    1.5780     0.1000  -113.8010     1.5237  -115.3247
    1.6780     0.1000  -113.5091     1.8153  -115.3244
    3.0010     0.1000  -112.2567     3.0676  -115.3243
    3.0990     0.1000  -112.2898     3.0347  -115.3245
    3.6440     0.1000  -111.6458     3.6784  -115.3242
    4.1510     0.1000  -111.1663     4.1582  -115.3245
 -125.9040     0.1000  -125.9588  -125.9589     0.0001
    1.8360     0.1000  -124.1223     1.8365  -125.9588
    2.7340     0.1000  -123.2542     2.7047  -125.9589
    3.1560     0.1000  -122.7592     3.1997  -125.9589
    3.2180     0.1000  -122.8312     3.1277  -125.9589
    3.6350     0.1000  -122.4169     3.5420  -125.9589
    3.4870     0.1000  -122.5362     3.4227  -125.9589
    3.5850     0.1000  -122.4197     3.5390  -125.9587
    3.9530     0.1000  -122.1019     3.8565  -125.9584
    4.0200     0.1000  -121.9248     4.0339  -125.9587
 -132.9830     0.1000  -133.1196  -133.1196    -0.0000
    0.9090     0.1000  -132.1537     0.9659  -133.1196
    1.5070     0.1000  -131.6244     1.4952  -133.1196
    1.7450     0.1000  -131.5636     1.5560  -133.1196
    2.2220     0.1000  -131.0029     2.1166  -133.1195
    2.5300     0.1000  -130.4938     2.6259  -133.1197
    2.5670     0.1000  -130.5223     2.5973  -133.1196
    2.6220     0.1000  -130.5054     2.6141  -133.1195
    2.8930     0.1000  -130.2071     2.9125  -133.1196
    3.3430     0.1000  -129.8598     3.2598  -133.1196
    4.1320     0.1000  -128.9543     4.1654  -133.1197
    4.4500     0.1000  -128.6564     4.4632  -133.1196
    4.8390     0.1000  -128.2403     4.8795  -133.1198
 -141.3330     0.1000  -141.3565  -141.3566     0.0001
    1.7610     0.1000  -139.5335     1.8230  -141.3565
    2.1860     0.1000  -139.1172     2.2394  -141.3566
    2.3190     0.1000  -139.0695     2.2871  -141.3566
    2.7390     0.1000  -138.6523     2.7043  -141.3566
    2.7480     0.1000  -138.7134     2.6433  -141.3567
    3.0770     0.1000  -138.2632     3.0935  -141.3567
    3.3090     0.1000  -138.0361     3.3207  -141.3568
    3.4480     0.1000  -137.9016     3.4551  -141.3567
    3.5890     0.1000  -137.8630     3.4937  -141.3567
    5.2480     0.1000  -136.2248     5.1316  -141.3564
    5.6440     0.1000  -135.9184     5.4381  -141.3565
 -146.4880     0.1000  -146.5251  -146.5250    -0.0001
    0.1050     0.1000  -146.4097     0.1154  -146.5251
    1.1870     0.1000  -145.3086     1.2166  -146.5252
    1.3130     0.1000  -145.1013     1.4237  -146.5250
    1.5810     0.1000  -145.0504     1.4748  -146.5252
    1.6130     0.1000  -144.9615     1.5636  -146.5251
    1.6370     0.1000  -144.9153     1.6097  -146.5250
    1.7900     0.1000  -144.7123     1.8127  -146.5250
    1.9840     0.1000  -144.4602     2.0649  -146.5251
    2.0340     0.1000  -144.4850     2.0401  -146.5251
    2.2900     0.1000  -144.2400     2.2851  -146.5251
    2.4130     0.1000  -144.0116     2.5135  -146.5251
    2.6600     0.1000  -143.8100     2.7150  -146.5250
    3.1100     0.1000  -143.3926     3.1325  -146.5251
    3.4660     0.1000  -143.1031     3.4220  -146.5251
 -153.9470     0.1000  -153.8937  -153.8938     0.0001
    1.5100     0.1000  -152.2839     1.6100  -153.8939
    2.2830     0.1000  -151.6376     2.2562  -153.8938
    2.5200     0.1000  -151.3555     2.5383  -153.8938
    2.5270     0.1000  -151.4064     2.4874  -153.8938
    2.6120     0.1000  -151.2730     2.6208  -153.8938
    2.7600     0.1000  -151.2132     2.6806  -153.8938
    2.8500     0.1000  -151.0831     2.8107  -153.8938
 -158.0340     0.1000  -158.0092  -158.0091    -0.0001
    0.3920     0.1000  -157.5905     0.4188  -158.0093
    0.6810     0.1000  -157.2606     0.7486  -158.0092
    1.4080     0.1000  -156.5088     1.5004  -158.0092
    1.4340     0.1000  -156.4477     1.5615  -158.0092
    1.5160     0.1000  -156.4713     1.5380  -158.0093
    2.1850     0.1000  -155.8634     2.1455  -158.0089
    2.1850     0.1000  -155.7867     2.2226  -158.0093
    2.1850     0.1000  -155.8280     2.1811  -158.0091
    2.5350     0.1000  -155.4779     2.5312  -158.0091
    3.2810     0.1000  -154.7195     3.2896  -158.0091
    3.8880     0.1000  -154.0565     3.9527  -158.0092
 -164.3000     0.1000  -164.2210  -164.2210    -0.0000
    1.4310     0.1000  -162.7702     1.4509  -164.2211
    2.1870     0.1000  -162.0108     2.2103  -164.2211
    2.4980     0.1000  -161.7619     2.4590  -164.2209
    2.5030     0.1000  -161.6905     2.5306  -164.2211
    2.6240     0.1000  -161.6372     2.5838  -164.2210
    2.6440     0.1000  -161.6152     2.6059  -164.2211
    2.9950     0.1000  -161.3246     2.8965  -164.2211
    3.6580     0.1000  -160.5785     3.6425  -164.2210
 -167.3460     0.1000  -167.3180  -167.3179    -0.0001
    0.5430     0.1000  -166.7226     0.5954  -167.3180
    0.6800     0.1000  -166.6053     0.7127  -167.3180
    1.1800     0.1000  -166.1598     1.1580  -167.3178
    1.3510     0.1000  -165.9214     1.3965  -167.3179
    1.4300     0.1000  -165.8514     1.4664  -167.3178
    2.0680     0.1000  -165.1837     2.1343  -167.3180
    2.2360     0.1000  -165.0911     2.2269  -167.3180
    2.4500     0.1000  -164.8257     2.4922  -167.3179
    3.2430     0.1000  -164.0624     3.2554  -167.3178
    3.7240     0.1000  -163.4901     3.8278  -167.3179
    3.9090     0.1000  -163.4158     3.9024  -167.3182
 -172.4780     0.1000  -172.4298  -172.4298     0.0000
    1.4150     0.1000  -171.0553     1.3745  -172.4298
    2.0990     0.1000  -170.3167     2.1132  -172.4299
    2.4240     0.1000  -170.0363     2.3935  -172.4298
    2.5310     0.1000  -169.9100     2.5199  -172.4299
    2.6490     0.1000  -169.7944     2.6356  -172.4300
    3.1840     0.1000  -169.2309     3.1989  -172.4298
    3.7840     0.1000  -168.6151     3.8147  -172.4298
 -174.4880     0.1000  -174.5155  -174.5154    -0.0001
    0.7160     0.1000  -173.8546     0.6607  -174.5153
    1.2900     0.1000  -173.2539     1.2614  -174.5153
    1.4180     0.1000  -173.0057     1.5098  -174.5155
    1.6730     0.1000  -172.7970     1.7184  -174.5154
    2.0200     0.1000  -172.4687     2.0466  -174.5153
    2.0530     0.1000  -172.3966     2.1188  -174.5154
    2.3430     0.1000  -172.1083     2.4072  -174.5155
 -178.5090     0.1000  -178.5409  -178.5409    -0.0000
    1.3950     0.1000  -177.2517     1.2891  -178.5408
    2.0820     0.1000  -176.4201     2.1208  -178.5409
    2.2800     0.1000  -176.3025     2.2383  -178.5408
    2.4280     0.1000  -176.0964     2.4445  -178.5409
    2.6270     0.1000  -175.9151     2.6258  -178.5409
 -179.5910     0.1000  -179.6332  -179.6333     0.0001
    0.6710     0.1000  -178.8905     0.7426  -179.6331
    1.9710     0.1000  -177.6293     2.0040  -179.6333
    2.0710     0.1000  -177.5129     2.1204  -179.6333
 -182.5990     0.1000  -182.5744  -182.5744     0.0000
Parameter outputs (0.616 MeV RMS for JP fit) 
       BAB         JP       Diff 
  -14.8643   -14.8642     0.0001
  -14.2390   -14.2388     0.0002
  -13.3503   -13.3503    -0.0000
  -10.5378   -10.5378     0.0000
   -1.5159    -1.5191    -0.0032
   -1.1826    -1.1831    -0.0005
   -0.8045    -0.8034     0.0011
   -1.1019    -1.1080    -0.0061
    0.0702     0.0713     0.0011
   -1.0718    -1.0727    -0.0009
    0.7517     0.7523     0.0006
    0.3935     0.3943     0.0008
    0.9108     0.9124     0.0016
   -2.4202    -2.4229    -0.0027
   -0.0200    -0.0202    -0.0002
   -0.6327    -0.6284     0.0043
    0.7452     0.7458     0.0006
   -0.1363    -0.1375    -0.0012
    0.3675     0.3685     0.0010
   -0.7172    -0.7178    -0.0006
   -1.5833    -1.5848    -0.0015
    0.7391     0.7404     0.0013
   -3.1045    -3.1119    -0.0074
    0.7971     0.7962    -0.0009
   -0.4134    -0.4148    -0.0014
    1.1642     1.1635    -0.0007
   -0.5335    -0.5324     0.0011
   -0.4707    -0.4711    -0.0004
   -0.0686    -0.0683     0.0003
    1.0070     1.0068    -0.0002
   -1.0869    -1.0871    -0.0002
    0.5671     0.5688     0.0017
    1.5916     1.5941     0.0025
    0.3327     0.3319    -0.0008
   -0.8206    -0.8201     0.0005
    0.6590     0.6584    -0.0006
    0.1487     0.1483    -0.0004
    0.8393     0.8401     0.0008
   -0.6521    -0.6528    -0.0007
    1.3744     1.3763     0.0019
    0.4890     0.4898     0.0008
    1.2548     1.2547    -0.0001
    0.3356     0.3394     0.0038
    0.6161     0.6169     0.0008
   -0.3758    -0.3768    -0.0010
    0.4918     0.4918     0.0000
    0.6381     0.6381     0.0000
   -3.9443    -3.9442     0.0001
    0.2225     0.2215    -0.0010
   -1.1854    -1.1846     0.0008
   -0.0408    -0.0432    -0.0024
    0.6649     0.6658     0.0009
    0.0269     0.0270     0.0001
    0.5638     0.5645     0.0007
   -0.0534    -0.0541    -0.0007
    0.6463     0.6460    -0.0003
    0.2372     0.2369    -0.0003
    1.7361     1.7362     0.0001
    0.6329     0.6321    -0.0008
   -0.1694    -0.1694    -0.0000
   -0.1143    -0.1137     0.0006
    0.2449     0.2447    -0.0002
    0.1191     0.1190    -0.0001
    0.4237     0.4234    -0.0003
   -0.0592    -0.0584     0.0008
    1.0765     1.0765    -0.0000
    0.3896     0.3895    -0.0001
   -0.2783    -0.2783    -0.0000
    0.5956     0.5956     0.0000

Elements of G: 
     54111.0615      29161.0359      11059.1573      39781.2292      10726.6293       4387.6570       4060.3176      -7584.6544       7386.3714       2294.9483      -4702.8325       5241.2343      -4044.1262       6915.9190      20495.6263        296.1331      15205.3736      40226.0771        225.9458       -358.0652        -37.2975        413.9873      -1023.7577      34518.2126        597.7640       -124.7811       -941.4332       3604.5959      25868.3543       -913.1049       -706.5836       -790.9503      18528.7046      31754.3433        -88.2151      -3028.0462      25046.2940       -367.7695      13062.0643      48131.3765       -419.3039      36616.7789      26175.2364       1996.3904      25071.9812      72714.0278       -653.9669       -274.6843      61816.5261       5321.8132      33361.7927       -506.3115       -242.3234      32933.4584        188.2724      28980.2743      22635.5738      41282.8490       1876.1773       -324.0775      41079.9090       -387.4604      35961.6593      48187.3874      -2958.3504      46141.3770      32712.0208      55165.8965      42845.0058
     29161.0359      21702.7641       8110.2717      25494.8835       5434.5219       1357.5597       1474.6264      -4080.0038       5474.5424       1263.8768      -3187.1909       3561.5090      -2589.7248       4714.8706      14076.1601         69.5876      11227.8779      21518.6079        183.4434        339.1406        110.2337         69.8916       -491.7435      23480.7640       -506.4221       -631.1290       -542.1224       2649.5464      18316.5399        118.4713        266.4828       -984.5571      11832.3488      24378.5224        342.9477      -2687.1441      18818.3832       -468.0401       8637.1218      32382.6516        202.8275      25368.4378      16627.1144       1417.1441      16477.3312      38468.4638        -55.4216         58.2680      42435.1656       3818.7722      21190.7025       -258.7846       -333.9053      22087.7229        -16.7506      19499.0979      15000.4429      26233.2551       1367.1770       -542.9311      27538.0675         39.2171      24103.6426      30674.6346      -1683.2752      30989.6256      21667.0763      35260.0970      28192.4674
     11059.1573       8110.2717       5944.2799      10465.9481       2188.7980        865.3516        540.9872      -2413.0911       2218.8925        438.8684      -1939.3534       3261.0072      -2570.2434       2625.4593       5240.6628        -38.5293       7848.2526       8005.1824         63.5927        168.1769         36.4688         43.6709        -73.6546       8741.6025       -286.8746       -240.5916         26.0321       1222.7279      13131.3037        232.0561        216.5098      -1054.4185       4725.8177       9350.5087         28.6393      -1100.5451      13126.4847       -351.6285       3683.5335      11994.4225         28.2451      18170.7937       6677.6025        898.8694       6473.9650      14152.5905         10.1356        147.8729      15454.7668       1459.3862       8485.8980       -114.0921      -1068.5028       8896.8561       -680.6725      12249.2192       6565.3069      10561.5180        861.1785      -1864.3259      11315.1675       1262.4740      13759.0758      12281.1006      -1147.7434      12224.7316       9488.0219      14002.4212      11366.8506
     39781.2292      25494.8835      10465.9481      49597.1034       7289.3089       1849.4889       2069.2394      -4285.7473       6477.5292       1546.9584      -3113.8046       5062.2509      -3212.5572       8609.3243      17850.6999        104.7611      14528.1160      30791.9018        123.1901        117.9317        -39.0640        138.4326        -34.4667      29800.9108          4.5784        -31.1848       -369.0859        477.5484      24606.1831       -194.9585        324.7390        266.7325      23385.4210      29306.3936         79.8746       -457.3014      24393.5100        332.5785      18157.3297      41669.3959         40.9996      34212.0190      32731.0788        402.7910      32511.8953      55437.5707        -79.5942       -147.7391      53680.9948        784.0207      41940.8704       -365.9585        569.1033      41718.9503        820.3845      36356.8891      32334.9946      51259.8806        217.7993       1078.7990      51295.6366      -1336.0105      44893.2433      60709.1489       -876.2287      59924.9155      47040.0005      70333.0022      61652.8387
     10726.6293       5434.5219       2188.7980       7289.3089       3458.5251       2662.1489       1987.6933      -3144.2471       1846.7911       1126.9541      -2027.4956       1379.4429      -1783.3161       2110.2524       3737.6178        181.8939       2937.1006       7579.9298        344.3287       -664.8413       -415.2897       -480.6235        153.9705       6408.8729        489.0411        290.5533        -81.1777        752.9534       4722.3042       -657.7953       -680.2052        178.8410       3223.0391       5761.9372       -446.0308       -455.5702       4670.6286        250.4532       2197.0700       8895.9658       -253.6224       7148.3082       4632.2673        769.6625       4289.1676      14093.6267       -315.1788         52.8680      11078.6562       1022.6682       5885.8097       -169.5483       -288.4701       5909.4415        -96.7125       5464.7842       4024.6370       7299.8772        627.1734       -492.3748       7395.8684        225.7327       6529.6663       8465.9024       -883.6019       8006.8271       5864.4822       9510.9510       7351.3575
      4387.6570       1357.5597        865.3516       1849.4889       2662.1489       3964.4348       2312.3369      -3260.5646       1510.2455       1590.7400      -2590.5383       1019.0301      -2102.5220       1829.8866        547.0287        254.2082        962.6963       2006.4674        519.7017       -937.5693       -674.7469       -934.5521        512.1652       1274.0371        769.2751        651.4687        232.0088        192.5499       1274.8727       -941.0330       -846.1884        493.1129        444.7235       1419.7439       -857.6149         80.6878       1388.5294        557.3661        150.2058       1897.5815       -300.6187       2490.2673        748.7934        802.4276        489.9461       4419.8813       -289.5663        122.4390       1831.3717        175.0569        950.1326       -167.6151       -417.5169       1185.4480       -179.6112       1510.7771        660.4535       1199.2670        566.6983       -745.0154       1599.9156        434.1230       1377.4607       1394.0906       -719.5633       1243.2070       1047.0994       1344.2491        800.2493
      4060.3176       1474.6264        540.9872       2069.2394       1987.6933       2312.3369       2521.8952      -2807.6631        889.9954       1566.4206      -2019.6338       1305.8636      -2598.1487       1870.7103        856.5587        203.6119        630.1135       2397.6316        246.9332       -635.3553       -396.4852       -510.2566        451.4863       1587.4888        544.0717        356.3961        -77.5303        166.9903        708.7232       -718.8237       -746.7964        743.8639        623.4227       1103.4072       -479.4627        182.6051        855.2997        707.8683        132.4532       2265.4568       -224.2306       1596.8033        963.4373        681.8692        756.0884       4780.4125       -183.2516         72.3197       2604.9326        242.1103       1209.6296       -218.7031       -431.1572       1411.7534       -185.9517       1787.0655        760.8581       1525.8466        426.8741       -778.3659       1809.9211        440.4062       1494.6940       1778.5261       -692.5287       1560.6626       1238.6528       1820.9913       1105.5555
     -7584.6544      -4080.0038      -2413.0911      -4285.7473      -3144.2471      -3260.5646      -2807.6631       5660.0915      -1781.8303      -1738.2019       4073.4206      -2081.5407       4394.1819      -4880.0899      -2374.7080       -185.7565      -3104.8582      -4609.0188       -320.9771        832.1882        475.1523        679.8222       -671.7462      -4169.5948       -596.4364       -313.3693       -103.9386       -966.7926      -4453.4771        814.5744       1076.0294       -638.0552      -1303.5801      -4059.1521        664.7329        414.2675      -4801.7892       -864.7520       -802.9156      -5779.0496        260.8101      -7086.1211      -2018.1286      -1570.6117      -1668.3768      -8801.5044        219.8906       -302.6667      -7064.4252      -1163.0685      -2520.1190        260.0152       1083.0008      -3207.5357        534.2696      -4578.1546      -2302.2405      -3280.4370      -1206.1878       1903.9004      -4305.1614      -1237.1641      -4222.1376      -3623.5000       1610.0909      -3594.4681      -3494.0645      -3663.5778      -2672.2119
      7386.3714       5474.5424       2218.8925       6477.5292       1846.7911       1510.2455        889.9954      -1781.8303       1969.8712        836.3822      -1622.8996       1138.0143      -1183.4946       1629.5544       3431.9138         97.1236       3055.0892       5096.5494        145.1448       -166.8557       -131.7561       -297.2037         56.9816       5838.5305         45.1478         75.3391         27.8514        658.1826       4790.7059       -232.9585       -152.4984       -120.6168       2895.1473       6627.9530       -230.7712       -653.0095       5091.6665         49.5492       2088.1518       8054.9870         -7.9327       6837.6708       4093.7496        606.4627       4054.2669       9311.9707        -38.6158         79.9365      10310.0995        864.2681       5228.7376        -97.2927       -218.5698       5687.1785        -73.5996       5093.9784       3775.4827       6474.3851        510.5386       -384.1728       7126.4139        165.9133       6184.0056       7587.3313       -553.9639       7874.0659       5500.4935       8651.0986       6988.0056
      2294.9483       1263.8768        438.8684       1546.9584       1126.9541       1590.7400       1566.4206      -1738.2019        836.3822       1170.2463      -1472.0574        896.6845      -1700.3782       1285.7238        582.7562        140.2941        477.3777       1147.7363        154.4391       -339.1788       -232.2231       -359.2294        305.6255       1081.4325        266.5737        250.6036        -16.1557         72.6665        571.0389       -463.5266       -373.1395        454.5955        476.6986       1221.4561       -336.9590         82.1365        728.9504        461.1999        123.2821       1527.7226        -80.2675       1115.3790        709.9705        446.5612        603.1658       2344.5288        -63.8550         58.0381       1805.1410         93.8987        897.2151       -144.7960       -240.7385       1120.3152        -51.7863       1262.1539        575.0872       1115.3882        276.8381       -454.5074       1429.6884        232.2152       1046.8828       1339.6866       -413.6436       1301.5287        940.6269       1434.3036        882.7894
     -4702.8325      -3187.1909      -1939.3534      -3113.8046      -2027.4956      -2590.5383      -2019.6338       4073.4206      -1622.8996      -1472.0574       3279.3321      -1645.7592       3390.1106      -3635.7343      -1646.7702       -142.2898      -2479.7913      -2494.6258       -240.4364        541.8516        334.9165        587.2589       -554.1178      -2927.9724       -361.6980       -241.5526       -175.1980       -682.5382      -3529.4352        568.4296        687.1944       -438.7328       -896.2235      -3510.5190        551.6283        364.7064      -3933.3919       -666.5503       -525.0265      -4061.9339        119.4414      -5507.9134      -1382.5658      -1222.3468      -1156.1400      -4861.4499         73.9759       -263.6508      -5008.9299       -785.2083      -1738.5894        198.3897        862.4263      -2401.2315        438.5732      -3482.9370      -1657.6073      -2274.4364       -939.4068       1522.5387      -3278.1230       -966.2765      -3222.5018      -2542.9852       1198.6510      -2667.0381      -2553.8917      -2588.8828      -1930.2547
      5241.2343       3561.5090       3261.0072       5062.2509       1379.4429       1019.0301       1305.8636      -2081.5407       1138.0143        896.6845      -1645.7592       2734.4459      -2715.6636       1949.7697       2208.2757         47.8295       4419.6414       3548.8585         61.8038       -163.9332        -93.7964       -167.4255        213.5505       3734.4472         62.2341         26.8347         10.1424        485.8955       7121.0488       -148.6814       -258.9207       -187.1402       2140.0603       3924.9494       -156.2577       -278.4883       7292.9713        169.3399       1538.2802       5183.8445        -42.5970      10153.8013       3048.1642        649.2690       2910.2254       6478.2150        -12.8730        104.1832       6622.6358        568.8582       3860.8670       -151.0115       -858.6198       4180.1290       -504.4808       7488.9939       3066.6875       4814.6891        511.8015      -1565.1373       5344.6018       1093.2740       7658.9113       5617.2475       -803.0312       5549.5388       4505.2985       6317.5779       4932.2822
     -4044.1262      -2589.7248      -2570.2434      -3212.5572      -1783.3161      -2102.5220      -2598.1487       4394.1819      -1183.4946      -1700.3782       3390.1106      -2715.6636       4949.1908      -4066.5302      -1262.8683       -117.7385      -3293.2459      -2056.7988       -164.0525        490.2426        271.4209        439.6401       -727.9683      -2208.3889       -348.6242       -177.4236        -90.1141       -491.1331      -4826.0536        527.8663        778.2910       -625.7757       -863.8325      -2401.6439        440.6082         12.8176      -5240.6155       -960.8670       -294.2835      -3080.9632        109.8626      -7372.1300      -1313.0893      -1256.1141      -1104.0866      -3981.2203         39.3255       -262.1029      -3813.3519       -570.8488      -1646.9796        276.0195       1384.6256      -2327.8865        907.6636      -4863.4052      -1664.2072      -2178.4571       -887.4113       2387.8083      -3220.4676      -1520.0947      -4386.7758      -2469.6409       1383.2228      -2485.4301      -2722.6377      -2487.9671      -1943.6717
      6915.9190       4714.8706       2625.4593       8609.3243       2110.2524       1829.8866       1870.7103      -4880.0899       1629.5544       1285.7238      -3635.7343       1949.7697      -4066.5302       6079.4472       2790.3172         64.9605       3410.5165       4412.1859        139.2277       -344.6442       -204.8842       -306.8786        689.5224       4708.3136        244.2848        110.3692        109.3051        365.6672       5102.8285       -387.1649       -514.4778        781.0921       3400.3782       5011.1635       -328.4953         -0.2225       5501.4705        911.2722       2622.8799       6571.5727        -61.9811       7557.5130       4866.2169       1115.1021       4744.7940       8118.9803        -21.2009        262.0450       8340.5807        347.9693       6195.7767       -207.0695       -685.8401       6882.4384       -157.7879       7428.1989       5649.6738       7652.2229        771.2273      -1238.2049       8682.8198        786.7968       7630.5863       8950.9336      -1120.4359       9203.1250       8419.5593      10047.0605       8951.3906
     20495.6263      14076.1601       5240.6628      17850.6999       3737.6178        547.0287        856.5587      -2374.7080       3431.9138        582.7562      -1646.7702       2208.2757      -1262.8683       2790.3172       9889.6461         15.9464       7432.8121      15931.2836         -7.7048        203.3505         81.2763        159.1646       -432.2243      16324.1037       -249.3799       -417.3934       -390.9380       1771.0108      12252.8941         64.9827         19.8778       -627.7344       8496.9124      16169.1657        208.8787      -1711.3843      12377.8753       -360.5406       6170.3438      22503.5851         25.9452      17099.8571      11944.2626        853.6410      11755.5484      28302.4657       -112.4936          7.2973      29192.0553       2512.0956      15230.8175       -151.8230       -112.6895      15592.6722         32.8636      13490.8381      10664.1223      18836.8717        845.5788       -164.3128      19352.9313        -95.6444      16933.5777      21983.9344      -1064.6711      21936.0634      15418.1245      25237.9225      20279.6535
       296.1331         69.5876        -38.5293        104.7611        181.8939        254.2082        203.6119       -185.7565         97.1236        140.2941       -142.2898         47.8295       -117.7385         64.9605         15.9464         59.6364        -59.3529        176.4474          6.0913        -97.0978        -65.7629        -94.9985         38.3647         77.5788         74.7860         67.8276        -58.8604         -4.4513       -117.8118       -139.5678       -105.2854         78.9876         29.2793         15.5857        -65.7493         39.0836       -113.1161         51.9123         -3.5358         96.4195        -26.5944        -97.6990         51.5048         49.7996         35.5236        428.1168        -15.1429          0.4573        127.3679          2.7872         70.1647        -12.0288         -3.2023         59.6042          3.5539          2.3139         12.7111         83.7430         17.2264         -6.4793         61.9816          1.3251          2.5794         95.0847        -46.9313         64.4484         23.2231         91.9905         34.0318
     15205.3736      11227.8779       7848.2526      14528.1160       2937.1006        962.6963        630.1135      -3104.8582       3055.0892        477.3777      -2479.7913       4419.6414      -3293.2459       3410.5165       7432.8121        -59.3529      10962.3881      11213.3265         33.7740         56.4446         38.6147        -83.4953        -90.2977      12450.3220       -268.4911       -274.4448        143.2985       1694.4352      17847.6232        240.6420        -27.3209      -1334.9531       6643.4574      13419.6151        -28.7698      -1539.7030      18098.7868       -440.8801       5182.2303      17213.4774         46.7401      24936.9468       9383.5598       1227.0689       9265.1973      20072.1155         69.1492        213.9612      22233.4981       2113.5799      11955.5374       -121.7930      -1454.4744      12745.1748      -1002.5487      17177.9179       9293.4930      14890.6345       1173.2554      -2545.6387      16161.4133       1787.3129      19455.7425      17305.3660      -1506.3757      17599.3249      13435.0078      19699.6311      16209.4556
     40226.0771      21518.6079       8005.1824      30791.9018       7579.9298       2006.4674       2397.6316      -4609.0188       5096.5494       1147.7363      -2494.6258       3548.8585      -2056.7988       4412.1859      15931.2836        176.4474      11213.3265      32132.6564        -83.4027       -126.9332        121.5794        605.7916       -979.2809      26774.2675        441.0586       -140.0842       -739.5351       2696.7770      19250.1541       -591.3074       -658.3216       -593.9723      14740.9324      23875.5018          8.5396      -2225.0795      18376.5183       -396.4893      10389.6587      37194.8214       -423.8715      27356.6898      20811.3907       1295.0051      19823.5157      57296.5815       -409.2334       -219.0557      47514.0561       3933.6659      26546.0840       -331.1832         13.2926      25819.9967        213.8622      22268.6307      17873.1136      32825.2712       1275.7891        111.3718      32088.9069       -514.3226      28077.1060      38245.3092      -2046.4207      36290.6237      25840.0820      43764.3984      34226.3935
       225.9458        183.4434         63.5927        123.1901        344.3287        519.7017        246.9332       -320.9771        145.1448        154.4391       -240.4364         61.8038       -164.0525        139.2277         -7.7048          6.0913         33.7740        -83.4027        444.9774        -85.5990       -223.8259       -149.1229        119.3868         37.8664         71.1768         16.4136         55.2544        -32.9701         16.8652        -41.7895        -35.1719         54.3913         13.0180         77.7458        -74.6168         42.8163         37.3918         66.5278        -37.3079        -49.0632        -23.8531         43.7941         19.7996         23.9098          6.4057       -236.7141       -200.5935         10.0916        -96.2501        -46.0534         19.7446        -26.2186        -14.3534         44.6616         -1.8476         25.7333         11.1863         12.1082         11.8170        -26.7053         64.9363          5.3959         13.8415         37.5758        -30.9843         26.4849         43.6135         53.9733         29.7605
      -358.0652        339.1406        168.1769        117.9317       -664.8413       -937.5693       -635.3553        832.1882       -166.8557       -339.1788        541.8516       -163.9332        490.2426       -344.6442        203.3505        -97.0978         56.4446       -126.9332        -85.5990        697.8810        315.4175        578.0895       -233.9678        126.4181       -416.3657       -284.4583       -125.7842        -17.0823        403.7780        459.2354        668.2697       -315.8615        115.1820        312.8784        339.4692       -105.7251        332.4712       -256.2169        114.6959        -26.3881        102.0433         28.2115        106.0284       -222.1742        188.0547      -1144.7771         19.6214        -55.5443        130.3626        -90.1680        119.0093         19.8592        158.5820         95.1570        122.2042         16.3787         17.1611        110.4538       -161.1914        272.2070         96.0934       -183.4278         60.0016        203.5393        247.8349        338.8198        -15.3960        375.9895        142.8299
       -37.2975        110.2337         36.4688        -39.0640       -415.2897       -674.7469       -396.4852        475.1523       -131.7561       -232.2231        334.9165        -93.7964        271.4209       -204.8842         81.2763        -65.7629         38.6147        121.5794       -223.8259        315.4175        404.4923        353.4200       -183.7502         94.3902       -242.6488       -148.9989        -18.8976         52.8456        144.1201        278.5694        218.2220       -159.0699         22.7239        218.6002        218.0371       -134.0850        139.7519       -133.9336         67.8593        115.4867         85.3818         32.6779         11.7466        -84.0499         31.7990        -98.8903         96.8464        -23.7418        267.5013         50.9523         13.1250         22.4892         47.3224        -15.0622         27.7317        -14.8222         -4.5160         24.2151        -44.7407         88.7238         13.2914        -67.7955         18.5321         32.8824         83.0986         70.9410        -43.3012         79.0962         -1.0388
       413.9873         69.8916         43.6709        138.4326       -480.6235       -934.5521       -510.2566        679.8222       -297.2037       -359.2294        587.2589       -167.4255        439.6401       -306.8786        159.1646        -94.9985        -83.4953        605.7916       -149.1229        578.0895        353.4200        707.8894       -260.5188        106.8342       -282.1841       -263.9743       -130.8023        -20.7604        137.0326        405.4761        512.4914       -213.3612        133.6328        -45.4430        316.9634        -35.6078         70.0117       -214.6575         96.5150        -59.1109         -6.0594       -192.6253        145.3519       -223.9428        181.7577        308.8717        -50.4495        -91.6277        -39.0801       -104.5570        165.6710          0.6156        153.8628         58.8241        105.7255        -42.3700         16.8874        175.8394       -163.6826        273.0120         63.7438       -190.4890         -3.8083        262.8665        222.8961        281.1376         -7.2676        395.5096        147.6225
     -1023.7577       -491.7435        -73.6546        -34.4667        153.9705        512.1652        451.4863       -671.7462         56.9816        305.6255       -554.1178        213.5505       -727.9683        689.5224       -432.2243         38.3647        -90.2977       -979.2809        119.3868       -233.9678       -183.7502       -260.5188        319.5318       -684.1819        155.8775        126.2797         82.3984       -230.5464       -350.6800       -191.9395       -234.3106        387.2621       -114.5615       -561.8232       -173.2738        323.8775       -222.3212        350.7355       -317.2217       -916.6276        -28.1200       -294.6192       -142.2612        145.0123       -135.1757      -1521.1016        -30.4188         56.1412      -1239.3735       -270.2986       -165.8908        -39.2860       -188.9046        -28.1065       -142.9032        128.4648         23.1729       -215.5113         28.9016       -310.5068        -37.8883        175.8454         -1.2126       -219.7398        -85.2492       -127.0117        252.2726       -305.5456         53.1909
     34518.2126      23480.7640       8741.6025      29800.9108       6408.8729       1274.0371       1587.4888      -4169.5948       5838.5305       1081.4325      -2927.9724       3734.4472      -2208.3889       4708.3136      16324.1037         77.5788      12450.3220      26774.2675         37.8664        126.4181         94.3902        106.8342       -684.1819      27377.7080       -267.6658       -626.7465       -556.9074       3007.4671      20444.5897         47.6386       -133.4911      -1001.1282      14160.8182      27113.1181        273.5288      -2905.9928      20673.2351       -562.4781      10300.0018      37730.5382         -7.7500      28648.0389      19920.6897       1489.5260      19565.2128      47875.6690       -218.0862         22.4626      48934.4452       4281.8947      25410.0293       -255.8489       -226.7251      26010.7608         23.9605      22545.6173      17783.4758      31445.8008       1479.3961       -342.3446      32316.0881       -115.3378      28280.2429      36674.3740      -1848.2164      36547.2490      25696.2297      42073.1130      33766.8534
       597.7640       -506.4221       -286.8746          4.5784        489.0411        769.2751        544.0717       -596.4364         45.1478        266.5737       -361.6980         62.2341       -348.6242        244.2848       -249.3799         74.7860       -268.4911        441.0586         71.1768       -416.3657       -242.6488       -282.1841        155.8775       -267.6658        471.2105        289.8640        140.2497       -101.6387       -680.2222       -391.5506       -534.3081        350.1980        -49.5729       -537.5668       -294.5684        201.1928       -642.4024        249.5612       -114.9416       -149.6019       -143.8521       -538.5528        -31.1459        111.6784        -96.4741       1245.0790        -45.0709         12.3981       -362.4307        -38.9696        -13.4075        -23.7693        -60.8884        -51.0609        -65.1122       -127.7175         -9.0642          2.1646         61.7181        -99.8859        -51.6020         56.4054       -151.1151        -17.5929       -121.7224       -152.3272         34.8040       -118.7279        -11.3893
      -124.7811       -631.1290       -240.5916        -31.1848        290.5533        651.4687        356.3961       -313.3693         75.3391        250.6036       -241.5526         26.8347       -177.4236        110.3692       -417.3934         67.8276       -274.4448       -140.0842         16.4136       -284.4583       -148.9989       -263.9743        126.2797       -626.7465        289.8640        444.5556        208.5435       -236.8043       -515.8825       -357.8063       -245.3535        222.9617        -47.9587       -558.9873       -336.7705        266.3494       -539.5479        183.9911       -105.3735       -591.4152        -52.1065       -527.3510        -42.2189          9.6596        -47.1841        120.2900          9.1693         -3.8256       -965.3253       -221.0831        -39.1708         -6.8758         -7.0515        -45.1176          1.7818       -116.8830        -26.3839        -71.2142        -11.3275        -14.7618       -100.4174         13.9493       -139.2162        -47.7289         17.3183       -103.8744         14.4909       -104.9933         26.8796
      -941.4332       -542.1224         26.0321       -369.0859        -81.1777        232.0088        -77.5303       -103.9386         27.8514        -16.1557       -175.1980         10.1424        -90.1141        109.3051       -390.9380        -58.8604        143.2985       -739.5351         55.2544       -125.7842        -18.8976       -130.8023         82.3984       -556.9074        140.2497        208.5435        455.8259        -59.5765         77.0874         12.3720       -120.3695         13.2745       -195.1361        -71.8178       -226.9588        -17.9263        178.9774         80.3616        -89.8392       -550.4956          9.7565        240.0923       -266.3774         46.4690       -265.6194      -1148.5648         52.2934         62.5856       -808.1493        -49.1841       -328.5395         27.3066       -119.9451       -205.2492        -88.5160          3.4406        -47.8220       -371.1985        111.2716       -203.3384       -170.1491        141.9721        -18.9993       -439.2020        -26.1050       -394.0472        -38.3119       -545.2046       -182.5843
      3604.5959       2649.5464       1222.7279        477.5484        752.9534        192.5499        166.9903       -966.7926        658.1826         72.6665       -682.5382        485.8955       -491.1331        365.6672       1771.0108         -4.4513       1694.4352       2696.7770        -32.9701        -17.0823         52.8456        -20.7604       -230.5464       3007.4671       -101.6387       -236.8043        -59.5765       1141.4465       2692.4444         67.9325       -168.6567       -549.4172        164.8688       2993.4377         31.8014      -1079.9478       2743.2879       -313.8909        524.8475       4009.3676        -12.4845       3882.8364        284.1026        603.9041         81.5789       4758.2479        -19.4994        130.1849       5245.9272       1376.8617        306.5816        -15.7800       -367.3659        485.0283       -195.9163       1113.8895        256.0105        569.7705        671.6033       -643.7764        859.0630        462.4257       1127.8623        381.7303       -760.3625        201.2141         83.6871        258.1119       -245.9101
     25868.3543      18316.5399      13131.3037      24606.1831       4722.3042       1274.8727        708.7232      -4453.4771       4790.7059        571.0389      -3529.4352       7121.0488      -4826.0536       5102.8285      12252.8941       -117.8118      17847.6232      19250.1541         16.8652        403.7780        144.1201        137.0326       -350.6800      20444.5897       -680.2222       -515.8825         77.0874       2692.4444      30239.0282        598.6520        598.3348      -2563.4936      11406.1957      21381.5251        134.6313      -2460.6864      29870.0651      -1017.9422       8854.1212      28217.8805         93.1190      41657.4705      16095.2082       1781.7822      15538.7050      34243.4454        102.8732        265.4832      36398.0268       3277.0366      20482.2942       -186.9929      -2200.2407      21065.6057      -1421.7198      28630.3338      15549.5726      25445.6894       1784.8136      -3847.1463      26680.9909       2647.0856      32465.6382      29622.3561      -2336.5874      29216.2098      22431.7827      33852.1220      27318.0566
      -913.1049        118.4713        232.0561       -194.9585       -657.7953       -941.0330       -718.8237        814.5744       -232.9585       -463.5266        568.4296       -148.6814        527.8663       -387.1649         64.9827       -139.5678        240.6420       -591.3074        -41.7895        459.2354        278.5694        405.4761       -191.9395         47.6386       -391.5506       -357.8063         12.3720         67.9325        598.6520        638.5742        601.0224       -402.2789        -13.5906        283.0085        376.9337       -226.8198        575.4886       -304.8921        120.2622       -123.0567         73.6249        408.4308        -64.6627       -191.1767          3.6629      -1540.7012         -1.0587        -24.2365        -43.8295         -1.0568       -103.4668         36.1898         80.6912       -104.2028         48.6312         35.2330        -31.9710       -142.5223        -95.6907        139.3119       -109.6417        -75.1933         67.6952       -137.8383        223.3798         16.6119       -116.4488        -46.0130        -61.0906
      -706.5836        266.4828        216.5098        324.7390       -680.2052       -846.1884       -746.7964       1076.0294       -152.4984       -373.1395        687.1944       -258.9207        778.2910       -514.4778         19.8778       -105.2854        -27.3209       -658.3216        -35.1719        668.2697        218.2220        512.4914       -234.3106       -133.4911       -534.3081       -245.3535       -120.3695       -168.6567        598.3348        601.0224       1299.7495       -490.2342        209.5941        221.1909        346.1014        -15.2561        437.7941       -399.6694        195.9054       -332.7191        114.0249        -43.0569        245.7133       -340.2010        358.3335      -1717.3858         53.8906       -100.7088       -376.6543       -320.7305        282.3494         49.0080        296.9829        215.4981        263.8284         80.8900         46.7001        242.2348       -247.5645        486.1016        190.7416       -313.9275         91.5290        426.9618        458.0412        633.2654         17.0304        711.3453        297.4709
      -790.9503       -984.5571      -1054.4185        266.7325        178.8410        493.1129        743.8639       -638.0552       -120.6168        454.5955       -438.7328       -187.1402       -625.7757        781.0921       -627.7344         78.9876      -1334.9531       -593.9723         54.3913       -315.8615       -159.0699       -213.3612        387.2621      -1001.1282        350.1980        222.9617         13.2745       -549.4172      -2563.4936       -402.2789       -490.2342       1011.0596         40.1781      -1259.6601       -204.1195        664.5617      -2369.6448        684.2397       -485.0820      -1268.2111        -60.5200      -3171.1789         61.1933         -6.3350         97.5010       -802.2039        -42.1322         -3.3994      -1691.3951       -526.3188        122.1131        -40.3103         74.7587        159.2481         45.4975       -544.1797         84.5765        110.8327       -137.8878        155.2895        102.7060       -157.6456       -683.3946        216.3858         49.9174        214.5666        451.0139        213.9916        470.5324
     18528.7046      11832.3488       4725.8177      23385.4210       3223.0391        444.7235        623.4227      -1303.5801       2895.1473        476.6986       -896.2235       2140.0603       -863.8325       3400.3782       8496.9124         29.2793       6643.4574      14740.9324         13.0180        115.1820         22.7239        133.6328       -114.5615      14160.8182        -49.5729        -47.9587       -195.1361        164.8688      11406.1957        -13.5906        209.5941         40.1781      11273.8557      13741.9648        102.6717       -206.8470      11171.8005         32.4844       8746.5171      19779.5810         18.9835      15813.6016      15734.2272         -5.5439      15567.1807      26476.3701        -40.0207       -104.6614      25477.4840        305.5657      20156.4611       -148.2873        421.5062      19827.7078        467.8227      16992.9142      15404.6631      24606.1489        -34.7737        781.3430      24282.7181       -790.0438      21238.4631      29131.6880       -229.7976      28557.3340      22363.5645      33778.4007      29574.7871
     31754.3433      24378.5224       9350.5087      29306.3936       5761.9372       1419.7439       1103.4072      -4059.1521       6627.9530       1221.4561      -3510.5190       3924.9494      -2401.6439       5011.1635      16169.1657         15.5857      13419.6151      23875.5018         77.7458        312.8784        218.6002        -45.4430       -561.8232      27113.1181       -537.5668       -558.9873        -71.8178       2993.4377      21381.5251        283.0085        221.1909      -1259.6601      13741.9648      29436.0610        151.0957      -3247.0890      22514.0641       -621.9521      10193.5354      37485.4665        232.4335      29729.8582      19289.8803       1629.2220      19428.1511      42693.7559         56.6956        140.0323      48762.6056       4217.6831      24627.7538       -200.3698       -395.7214      26242.8615       -121.2081      22818.7255      17704.9793      30488.1279       1616.0801       -660.9013      32692.5099        142.3078      28525.0422      35678.2023      -1674.0126      36954.3200      25600.5295      40989.5009      33437.7759
       -88.2151        342.9477         28.6393         79.8746       -446.0308       -857.6149       -479.4627        664.7329       -230.7712       -336.9590        551.6283       -156.2577        440.6082       -328.4953        208.8787        -65.7493        -28.7698          8.5396        -74.6168        339.4692        218.0371        316.9634       -173.2738        273.5288       -294.5684       -336.7705       -226.9588         31.8014        134.6313        376.9337        346.1014       -204.1195        102.6717        151.0957        441.4315       -117.4245         59.7757       -215.2749        107.2643        227.9353        108.3166       -121.8520        108.3973       -190.4458        163.8509       -293.9802         13.0884        -62.0455        535.7375         46.6971        131.9004         22.6639        142.6200         32.8775         77.9445        -42.1443          4.9813        134.5319       -169.6062        249.8268         -3.8115       -164.3459          0.7027        183.9522        190.5114        263.3977        -44.3890        317.0202         89.5051
     -3028.0462      -2687.1441      -1100.5451       -457.3014       -455.5702         80.6878        182.6051        414.2675       -653.0095         82.1365        364.7064       -278.4883         12.8176         -0.2225      -1711.3843         39.0836      -1539.7030      -2225.0795         42.8163       -105.7251       -134.0850        -35.6078        323.8775      -2905.9928        201.1928        266.3494        -17.9263      -1079.9478      -2460.6864       -226.8198        -15.2561        664.5617       -206.8470      -3247.0890       -117.4245       1189.6687      -2564.4457        440.7985       -653.8631      -3902.0085        -59.7824      -3414.9464       -305.3336       -421.5809       -168.8691      -3867.5217        -37.6584       -108.9157      -5180.8461      -1311.7063       -336.3212        -33.2497        204.3506       -512.6205         70.9459       -934.9316       -248.5595       -585.4764       -590.1963        373.2664       -866.6355       -320.3311      -1019.3388       -445.8384        577.2720       -325.1629          3.4880       -410.7031        202.4916
     25046.2940      18818.3832      13126.4847      24393.5100       4670.6286       1388.5294        855.2997      -4801.7892       5091.6665        728.9504      -3933.3919       7292.9713      -5240.6155       5501.4705      12377.8753       -113.1161      18098.7868      18376.5183         37.3918        332.4712        139.7519         70.0117       -222.3212      20673.2351       -642.4024       -539.5479        178.9774       2743.2879      29870.0651        575.4886        437.7941      -2369.6448      11171.8005      22514.0641         59.7757      -2564.4457      30371.2592       -893.6494       8714.6511      28511.9907         99.4516      41374.3977      15758.4972       1931.5181      15601.0758      32697.5886        111.3128        319.5303      36814.0581       3350.7033      20062.5347       -187.9390      -2304.7550      21374.6621      -1549.2975      28639.1453      15513.4436      24947.9058       1880.7455      -4056.0394      27079.4612       2840.3413      32445.8039      29054.5525      -2351.4793      29626.3223      22416.3444      33157.4603      27164.1215
      -367.7695       -468.0401       -351.6285        332.5785        250.4532        557.3661        707.8683       -864.7520         49.5492        461.1999       -666.5503        169.3399       -960.8670        911.2722       -360.5406         51.9123       -440.8801       -396.4893         66.5278       -256.2169       -133.9336       -214.6575        350.7355       -562.4781        249.5612        183.9911         80.3616       -313.8909      -1017.9422       -304.8921       -399.6694        684.2397         32.4844       -621.9521       -215.2749        440.7985       -893.6494        567.8856       -384.5255       -686.8005        -39.1638      -1103.8007         60.1802        146.9356         58.4524       -510.3152        -15.1983         41.5438       -942.3551       -289.6379        106.6922        -51.2909       -152.8917        227.3720       -118.8479         15.1225        132.8265        128.0396         16.5122       -236.5122        267.2294        102.7440        -59.9456        191.3240       -139.2968        191.6848        480.4951        156.2705        377.3003
     13062.0643       8637.1218       3683.5335      18157.3297       2197.0700        150.2058        132.4532       -802.9156       2088.1518        123.2821       -525.0265       1538.2802       -294.2835       2622.8799       6170.3438         -3.5358       5182.2303      10389.6587        -37.3079        114.6959         67.8593         96.5150       -317.2217      10300.0018       -114.9416       -105.3735        -89.8392        524.8475       8854.1212        120.2622        195.9054       -485.0820       8746.5171      10193.5354        107.2643       -653.8631       8714.6511       -384.5255       8971.5973      14354.3505         10.8036      12234.5462      12222.6400         63.8012      12114.8037      18628.9946         -5.2202         -4.8100      18488.5223        290.7429      15622.5572        -69.2781        385.2249      15461.9034        570.5747      13916.5583      13695.6987      19068.7376        144.2409        660.8036      18938.5262       -427.2805      16904.9022      22488.0065       -126.6365      22252.4793      18946.0970      26036.6140      24725.7721
     48131.3765      32382.6516      11994.4225      41669.3959       8895.9658       1897.5815       2265.4568      -5779.0496       8054.9870       1527.7226      -4061.9339       5183.8445      -3080.9632       6571.5727      22503.5851         96.4195      17213.4774      37194.8214        -49.0632        -26.3881        115.4867        -59.1109       -916.6276      37730.5382       -149.6019       -591.4152       -550.4956       4009.3676      28217.8805       -123.0567       -332.7191      -1268.2111      19779.5810      37485.4665        227.9353      -3902.0085      28511.9907       -686.8005      14354.3505      52550.3412         50.5772      39660.4139      27840.2509       2041.3356      27352.5513      67062.8683        -73.7566         22.5633      68196.6920       5926.4464      35541.6122       -333.7257       -303.8356      36341.5369         30.5877      31463.1735      24875.9880      43984.6111       2028.5617       -457.2162      45173.9028       -189.0105      39490.6312      51327.0367      -2542.6927      51107.9005      35968.5162      58877.0901      47281.8990
      -419.3039        202.8275         28.2451         40.9996       -253.6224       -300.6187       -224.2306        260.8101         -7.9327        -80.2675        119.4414        -42.5970        109.8626        -61.9811         25.9452        -26.5944         46.7401       -423.8715        -23.8531        102.0433         85.3818         -6.0594        -28.1200         -7.7500       -143.8521        -52.1065          9.7565        -12.4845         93.1190         73.6249        114.0249        -60.5200         18.9835        232.4335        108.3166        -59.7824         99.4516        -39.1638         10.8036         50.5772        168.4281         41.2469         10.2874        -50.8103         52.4382       -743.1530        105.7865          7.5624        287.9739         40.1166         21.9215         23.1534         22.4793         43.1022         13.6464         29.4953         10.7131         33.4354        -34.7149         38.9940         69.6341        -38.9082         38.8401         51.7730         23.3314         96.4673         18.7302        114.3740         36.1413
     36616.7789      25368.4378      18170.7937      34212.0190       7148.3082       2490.2673       1596.8033      -7086.1211       6837.6708       1115.3790      -5507.9134      10153.8013      -7372.1300       7557.5130      17099.8571        -97.6990      24936.9468      27356.6898         43.7941         28.2115         32.6779       -192.6253       -294.6192      28648.0389       -538.5528       -527.3510        240.0923       3882.8364      41657.4705        408.4308        -43.0569      -3171.1789      15813.6016      29729.8582       -121.8520      -3414.9464      41374.3977      -1103.8007      12234.5462      39660.4139         41.2469      58293.4196      22351.1920       2761.8600      21478.7926      49092.8097         62.2016        459.6013      51058.9680       4791.4159      28466.6116       -301.9279      -3310.8020      29350.2079      -2184.8797      39974.1517      21733.5230      35453.6012       2707.0735      -5769.5371      37249.2214       3942.0555      45349.0415      41154.1707      -3644.7696      40407.3645      31406.5368      46853.6967      38037.1115
     26175.2364      16627.1144       6677.6025      32731.0788       4632.2673        748.7934        963.4373      -2018.1286       4093.7496        709.9705      -1382.5658       3048.1642      -1313.0893       4866.2169      11944.2626         51.5048       9383.5598      20811.3907         19.7996        106.0284         11.7466        145.3519       -142.2612      19920.6897        -31.1459        -42.2189       -266.3774        284.1026      16095.2082        -64.6627        245.7133         61.1933      15734.2272      19289.8803        108.3973       -305.3336      15758.4972         60.1802      12222.6400      27840.2509         10.2874      22351.1920      22031.8828         94.1865      21753.4834      37422.9639        -53.1759       -136.5653      35836.2851        495.5845      28224.7773       -215.8389        534.0566      27760.5942        617.0724      23856.9255      21582.5378      34452.9800         16.0600        988.0557      34025.4362      -1052.8737      29786.3788      40755.1798       -393.4978      39917.2099      31356.2547      47217.7897      41400.7120
      1996.3904       1417.1441        898.8694        402.7910        769.6625        802.4276        681.8692      -1570.6117        606.4627        446.5612      -1222.3468        649.2690      -1256.1141       1115.1021        853.6410         49.7996       1227.0689       1295.0051         23.9098       -222.1742        -84.0499       -223.9428        145.0123       1489.5260        111.6784          9.6596         46.4690        603.9041       1781.7822       -191.1767       -340.2010         -6.3350         -5.5439       1629.2220       -190.4458       -421.5809       1931.5181        146.9356         63.8012       2041.3356        -50.8103       2761.8600         94.1865        725.2800       -104.8090       2453.8366         -0.2749        148.4934       2590.9348        718.6596        110.0843        -63.1996       -507.0305        356.0198       -310.2782       1055.5886        246.6290        253.6319        556.4186       -864.6631        668.8979        553.2342        915.7410        124.5924       -662.1372        115.8748        343.6194        -65.6605       -127.0424
     25071.9812      16477.3312       6473.9650      32511.8953       4289.1676        489.9461        756.0884      -1668.3768       4054.2669        603.1658      -1156.1400       2910.2254      -1104.0866       4744.7940      11755.5484         35.5236       9265.1973      19823.5157          6.4057        188.0547         31.7990        181.7577       -135.1757      19565.2128        -96.4741        -47.1841       -265.6194         81.5789      15538.7050          3.6629        358.3335         97.5010      15567.1807      19428.1511        163.8509       -168.8691      15601.0758         58.4524      12114.8037      27352.5513         52.4382      21478.7926      21753.4834       -104.8090      22084.8229      35608.3123        -22.6151       -166.2091      35244.4022        268.7083      27868.6410       -198.2458        656.4533      28048.8496        674.2617      23595.0960      21482.1873      33977.7108       -140.1311       1180.4792      34278.5735      -1120.2179      29556.6001      40271.0170       -166.7430      40440.9134      31203.8849      46717.7593      41336.2051
     72714.0278      38468.4638      14152.5905      55437.5707      14093.6267       4419.8813       4780.4125      -8801.5044       9311.9707       2344.5288      -4861.4499       6478.2150      -3981.2203       8118.9803      28302.4657        428.1168      20072.1155      57296.5815       -236.7141      -1144.7771        -98.8903        308.8717      -1521.1016      47875.6690       1245.0790        120.2900      -1148.5648       4758.2479      34243.4454      -1540.7012      -1717.3858       -802.2039      26476.3701      42693.7559       -293.9802      -3867.5217      32697.5886       -510.3152      18628.9946      67062.8683       -743.1530      49092.8097      37422.9639       2453.8366      35608.3123     104342.0075       -652.9230       -395.1139      85827.1694       7188.4970      47765.5886       -585.6147        -46.4753      46451.1959        328.9540      40077.4301      32170.8056      59082.2892       2372.8495         71.7782      57740.8363       -843.2876      50509.8083      68811.3791      -3813.2477      65209.7908      46526.1896      78674.5360      61558.5153
      -653.9669        -55.4216         10.1356        -79.5942       -315.1788       -289.5663       -183.2516        219.8906        -38.6158        -63.8550         73.9759        -12.8730         39.3255        -21.2009       -112.4936        -15.1429         69.1492       -409.2334       -200.5935         19.6214         96.8464        -50.4495        -30.4188       -218.0862        -45.0709          9.1693         52.2934        -19.4994        102.8732         -1.0587         53.8906        -42.1322        -40.0207         56.6956         13.0884        -37.6584        111.3128        -15.1983         -5.2202        -73.7566        105.7865         62.2016        -53.1759         -0.2749        -22.6151       -652.9230        429.9970         46.0064          6.8775         23.0823        -49.1539         30.7594        -14.8716        -36.6859        -13.4518         21.2158         -9.3387        -46.0485          3.5835        -31.5784         -1.4392         14.1811         16.0222        -69.5783        -36.3667        -73.6484         -3.6323        -66.7766        -30.3044
      -274.6843         58.2680        147.8729       -147.7391         52.8680        122.4390         72.3197       -302.6667         79.9365         58.0381       -263.6508        104.1832       -262.1029        262.0450          7.2973          0.4573        213.9612       -219.0557         10.0916        -55.5443        -23.7418        -91.6277         56.1412         22.4626         12.3981         -3.8256         62.5856        130.1849        265.4832        -24.2365       -100.7088         -3.3994       -104.6614        140.0323        -62.0455       -108.9157        319.5303         41.5438         -4.8100         22.5633          7.5624        459.6013       -136.5653        148.4934       -166.2091       -395.1139         46.0064         83.9608         28.2092        109.9082       -174.1219          4.6887       -124.0515        -93.9582        -68.7475        100.9788        -24.8695       -162.0140        160.7369       -223.7376        -40.4019        151.3081         36.5134       -256.5610       -201.7234       -294.0898         -6.9781       -342.0929       -123.5393
     61816.5261      42435.1656      15454.7668      53680.9948      11078.6562       1831.3717       2604.9326      -7064.4252      10310.0995       1805.1410      -5008.9299       6622.6358      -3813.3519       8340.5807      29192.0553        127.3679      22233.4981      47514.0561        -96.2501        130.3626        267.5013        -39.0801      -1239.3735      48934.4452       -362.4307       -965.3253       -808.1493       5245.9272      36398.0268        -43.8295       -376.6543      -1691.3951      25477.4840      48762.6056        535.7375      -5180.8461      36814.0581       -942.3551      18488.5223      68196.6920        287.9739      51058.9680      35836.2851       2590.9348      35244.4022      85827.1694          6.8775         28.2092      89312.4472       7933.7706      45772.1541       -401.5485       -368.0056      46817.1558         32.2926      40511.0250      32028.5575      56676.7167       2589.2515       -542.0751      58242.8007       -290.6650      50852.7476      66137.8522      -3256.2269      65949.3750      46263.3566      75943.1236      60815.2134
      5321.8132       3818.7722       1459.3862        784.0207       1022.6682        175.0569        242.1103      -1163.0685        864.2681         93.8987       -785.2083        568.8582       -570.8488        347.9693       2512.0956          2.7872       2113.5799       3933.6659        -46.0534        -90.1680         50.9523       -104.5570       -270.2986       4281.8947        -38.9696       -221.0831        -49.1841       1376.8617       3277.0366         -1.0568       -320.7305       -526.3188        305.5657       4217.6831         46.6971      -1311.7063       3350.7033       -289.6379        290.7429       5926.4464         40.1166       4791.4159        495.5845        718.6596        268.7083       7188.4970         23.0823        109.9082       7933.7706       2035.7139        579.5991         -9.3437       -477.8687        803.5388       -326.1966       1373.7462        491.2885        962.5531        801.0361       -812.4340       1282.0093        578.0904       1526.4900        759.9214       -942.5223        545.8913        252.4970        639.3513       -183.2101
     33361.7927      21190.7025       8485.8980      41940.8704       5885.8097        950.1326       1209.6296      -2520.1190       5228.7376        897.2151      -1738.5894       3860.8670      -1646.9796       6195.7767      15230.8175         70.1647      11955.5374      26546.0840         19.7446        119.0093         13.1250        165.6710       -165.8908      25410.0293        -13.4075        -39.1708       -328.5395        306.5816      20482.2942       -103.4668        282.3494        122.1131      20156.4611      24627.7538        131.9004       -336.3212      20062.5347        106.6922      15622.5572      35541.6122         21.9215      28466.6116      28224.7773        110.0843      27868.6410      47765.5886        -49.1539       -174.1219      45772.1541        579.5991      36197.6502       -239.2576        670.0282      35592.7577        751.5625      30498.4473      27677.0547      44183.5028        -14.3333       1253.4975      43621.5692      -1349.9372      38168.6415      52276.8996       -468.4011      51220.0219      40267.4076      60563.6370      53190.6007
      -506.3115       -258.7846       -114.0921       -365.9585       -169.5483       -167.6151       -218.7031        260.0152        -97.2927       -144.7960        198.3897       -151.0115        276.0195       -207.0695       -151.8230        -12.0288       -121.7930       -331.1832        -26.2186         19.8592         22.4892          0.6156        -39.2860       -255.8489        -23.7693         -6.8758         27.3066        -15.7800       -186.9929         36.1898         49.0080        -40.3103       -148.2873       -200.3698         22.6639        -33.2497       -187.9390        -51.2909        -69.2781       -333.7257         23.1534       -301.9279       -215.8389        -63.1996       -198.2458       -585.6147         30.7594          4.6887       -401.5485         -9.3437       -239.2576        142.7209         13.4645       -235.5759         10.7013       -195.8284       -148.5661       -286.4306        -12.3145         11.8932       -327.5905         54.7959       -214.1697       -352.1024         73.6290       -332.8059       -119.0127       -402.7275       -223.0682
      -242.3234       -333.9053      -1068.5028        569.1033       -288.4701       -417.5169       -431.1572       1083.0008       -218.5698       -240.7385        862.4263       -858.6198       1384.6256       -685.8401       -112.6895         -3.2023      -1454.4744         13.2926        -14.3534        158.5820         47.3224        153.8628       -188.9046       -226.7251        -60.8884         -7.0515       -119.9451       -367.3659      -2200.2407         80.6912        296.9829         74.7587        421.5062       -395.7214        142.6200        204.3506      -2304.7550       -152.8917        385.2249       -303.8356         22.4793      -3310.8020        534.0566       -507.0305        656.4533        -46.4753        -14.8716       -124.0515       -368.0056       -477.8687        670.0282         13.4645        844.2495        426.9175        702.0308      -1196.0454        154.9471        676.7700       -428.7345       1352.9152        278.4431       -866.3806       -960.4037        925.6732        571.3240        977.5014         44.2671       1281.9231        720.7760
     32933.4584      22087.7229       8896.8561      41718.9503       5909.4415       1185.4480       1411.7534      -3207.5357       5687.1785       1120.3152      -2401.2315       4180.1290      -2327.8865       6882.4384      15592.6722         59.6042      12745.1748      25819.9967         44.6616         95.1570        -15.0622         58.8241        -28.1065      26010.7608        -51.0609        -45.1176       -205.2492        485.0283      21065.6057       -104.2028        215.4981        159.2481      19827.7078      26242.8615         32.8775       -512.6205      21374.6621        227.3720      15461.9034      36341.5369         43.1022      29350.2079      27760.5942        356.0198      28048.8496      46451.1959        -36.6859        -93.9582      46817.1558        803.5388      35592.7577       -235.5759        426.9175      36208.5956        597.3214      30927.5735      27672.9234      43489.3666        219.0226        791.2539      44337.0251       -957.6775      38477.9123      51471.0423       -591.1795      51908.3446      40313.9639      59544.2888      52931.3653
       188.2724        -16.7506       -680.6725        820.3845        -96.7125       -179.6112       -185.9517        534.2696        -73.5996        -51.7863        438.5732       -504.4808        907.6636       -157.7879         32.8636          3.5539      -1002.5487        213.8622         -1.8476        122.2042         27.7317        105.7255       -142.9032         23.9605        -65.1122          1.7818        -88.5160       -195.9163      -1421.7198         48.6312        263.8284         45.4975        467.8227       -121.2081         77.9445         70.9459      -1549.2975       -118.8479        570.5747         30.5877         13.6464      -2184.8797        617.0724       -310.2782        674.2617        328.9540        -13.4518        -68.7475         32.2926       -326.1966        751.5625         10.7013        702.0308        597.3214        811.0745       -430.6341        408.8012        812.1063       -222.5120       1090.8649        543.9137       -658.2181       -619.4740       1029.6302        323.8585        956.9261        271.1735       1343.5624        493.7427
     28980.2743      19499.0979      12249.2192      36356.8891       5464.7842       1510.7771       1787.0655      -4578.1546       5093.9784       1262.1539      -3482.9370       7488.9939      -4863.4052       7428.1989      13490.8381          2.3139      17177.9179      22268.6307         25.7333         16.3787        -14.8222        -42.3700        128.4648      22545.6173       -127.7175       -116.8830          3.4406       1113.8895      28630.3338         35.2330         80.8900       -544.1797      16992.9142      22818.7255        -42.1443       -934.9316      28639.1453         15.1225      13916.5583      31463.1735         29.4953      39974.1517      23856.9255       1055.5886      23595.0960      40077.4301         21.2158        100.9788      40511.0250       1373.7462      30498.4473       -195.8284      -1196.0454      30927.5735       -430.6341      38412.5846      24900.9494      37429.4836       1008.0025      -2161.7625      38286.7874       1624.2888      42865.5953      44141.4648      -1419.5427      43918.4311      35866.4705      50787.6728      44709.6102
     22635.5738      15000.4429       6565.3069      32334.9946       4024.6370        660.4535        760.8581      -2302.2405       3775.4827        575.0872      -1657.6073       3066.6875      -1664.2072       5649.6738      10664.1223         12.7111       9293.4930      17873.1136         11.1863         17.1611         -4.5160         16.8874         23.1729      17783.4758         -9.0642        -26.3839        -47.8220        256.0105      15549.5726        -31.9710         46.7001         84.5765      15404.6631      17704.9793          4.9813       -248.5595      15513.4436        132.8265      13695.6987      24875.9880         10.7131      21733.5230      21582.5378        246.6290      21482.1873      32170.8056         -9.3387        -24.8695      32028.5575        491.2885      27677.0547       -148.5661        154.9471      27672.9234        408.8012      24900.9494      24974.0656      33814.6268        197.4028        356.8540      33896.5772       -377.8857      30398.3593      39928.8189       -336.6485      39707.2608      34848.6884      46098.1787      44607.7517
     41282.8490      26233.2551      10561.5180      51259.8806       7299.8772       1199.2670       1525.8466      -3280.4370       6474.3851       1115.3882      -2274.4364       4814.6891      -2178.4571       7652.2229      18836.8717         83.7430      14890.6345      32825.2712         12.1082        110.4538         24.2151        175.8394       -215.5113      31445.8008          2.1646        -71.2142       -371.1985        569.7705      25445.6894       -142.5223        242.2348        110.8327      24606.1489      30488.1279        134.5319       -585.4764      24947.9058        128.0396      19068.7376      43984.6111         33.4354      35453.6012      34452.9800        253.6319      33977.7108      59082.2892        -46.0485       -162.0140      56676.7167        962.5531      44183.5028       -286.4306        676.7700      43489.3666        812.1063      37429.4836      33814.6268      54032.5222        155.3191       1305.9859      53425.5981      -1520.0254      46798.7578      63866.4053       -791.7613      62465.1466      49211.9953      73943.8831      64928.1188
      1876.1773       1367.1770        861.1785        217.7993        627.1734        566.6983        426.8741      -1206.1878        510.5386        276.8381       -939.4068        511.8015       -887.4113        771.2273        845.5788         17.2264       1173.2554       1275.7891         11.8170       -161.1914        -44.7407       -163.6826         28.9016       1479.3961         61.7181        -11.3275        111.2716        671.6033       1784.8136        -95.6907       -247.5645       -137.8878        -34.7737       1616.0801       -169.6062       -590.1963       1880.7455         16.5122        144.2409       2028.5617        -34.7149       2707.0735         16.0600        556.4186       -140.1311       2372.8495          3.5835        160.7369       2589.2515        801.0361        -14.3333        -12.3145       -428.7345        219.0226       -222.5120       1008.0025        197.4028        155.3191        662.3962       -755.3382        551.4033        538.8432        890.0576         -7.4118       -654.4625       -180.7019        159.8938       -203.5058       -242.8667
      -324.0775       -542.9311      -1864.3259       1078.7990       -492.3748       -745.0154       -778.3659       1903.9004       -384.1728       -454.5074       1522.5387      -1565.1373       2387.8083      -1238.2049       -164.3128         -6.4793      -2545.6387        111.3718        -26.7053        272.2070         88.7238        273.0120       -310.5068       -342.3446        -99.8859        -14.7618       -203.3384       -643.7764      -3847.1463        139.3119        486.1016        155.2895        781.3430       -660.9013        249.8268        373.2664      -4056.0394       -236.5122        660.8036       -457.2162         38.9940      -5769.5371        988.0557       -864.6631       1180.4792         71.7782        -31.5784       -223.7376       -542.0751       -812.4340       1253.4975         11.8932       1352.9152        791.2539       1090.8649      -2161.7625        356.8540       1305.9859       -755.3382       2310.5900        595.8426      -1540.9495      -1751.7203       1761.8004        988.5530       1818.2828        208.3458       2394.3368       1368.2397
     41079.9090      27538.0675      11315.1675      51295.6366       7395.8684       1599.9156       1809.9211      -4305.1614       7126.4139       1429.6884      -3278.1230       5344.6018      -3220.4676       8682.8198      19352.9313         61.9816      16161.4133      32088.9069         64.9363         96.0934         13.2914         63.7438        -37.8883      32316.0881        -51.6020       -100.4174       -170.1491        859.0630      26680.9909       -109.6417        190.7416        102.7060      24282.7181      32692.5099         -3.8115       -866.6355      27079.4612        267.2294      18938.5262      45173.9028         69.6341      37249.2214      34025.4362        668.8979      34278.5735      57740.8363         -1.4392        -40.4019      58242.8007       1282.0093      43621.5692       -327.5905        278.4431      44337.0251        543.9137      38286.7874      33896.5772      53425.5981        551.4033        595.8426      54641.5627      -1006.1604      47542.0202      63161.9299      -1057.4556      63459.7751      49401.5737      73020.9827      64681.4203
      -387.4604         39.2171       1262.4740      -1336.0105        225.7327        434.1230        440.4062      -1237.1641        165.9133        232.2152       -966.2765       1093.2740      -1520.0947        786.7968        -95.6444          1.3251       1787.3129       -514.3226          5.3959       -183.4278        -67.7955       -190.4890        175.8454       -115.3378         56.4054         13.9493        141.9721        462.4257       2647.0856        -75.1933       -313.9275       -157.6456       -790.0438        142.3078       -164.3459       -320.3311       2840.3413        102.7440       -427.2805       -189.0105        -38.9082       3942.0555      -1052.8737        553.2342      -1120.2179       -843.2876         14.1811        151.3081       -290.6650        578.0904      -1349.9372         54.7959       -866.3806       -957.6775       -658.2181       1624.2888       -377.8857      -1520.0254        538.8432      -1540.9495      -1006.1604       1326.4465       1213.3395      -1949.8636       -602.3507      -1869.1449       -549.2398      -2502.5079      -1667.5432
     35961.6593      24103.6426      13759.0758      44893.2433       6529.6663       1377.4607       1494.6940      -4222.1376       6184.0056       1046.8828      -3222.5018       7658.9113      -4386.7758       7630.5863      16933.5777          2.5794      19455.7425      28077.1060         13.8415         60.0016         18.5321         -3.8083         -1.2126      28280.2429       -151.1151       -139.2162        -18.9993       1127.8623      32465.6382         67.6952         91.5290       -683.3946      21238.4631      28525.0422          0.7027      -1019.3388      32445.8039        -59.9456      16904.9022      39490.6312         38.8401      45349.0415      29786.3788        915.7410      29556.6001      50509.8083         16.0222         36.5134      50852.7476       1526.4900      38168.6415       -214.1697       -960.4037      38477.9123       -619.4740      42865.5953      30398.3593      46798.7578        890.0576      -1751.7203      47542.0202       1213.3395      51671.7899      55268.8657      -1295.9251      54956.2047      44142.9329      63705.4842      56897.2056
     48187.3874      30674.6346      12281.1006      60709.1489       8465.9024       1394.0906       1778.5261      -3623.5000       7587.3313       1339.6866      -2542.9852       5617.2475      -2469.6409       8950.9336      21983.9344         95.0847      17305.3660      38245.3092         37.5758        203.5393         32.8824        262.8665       -219.7398      36674.3740        -17.5929        -47.7289       -439.2020        381.7303      29622.3561       -137.8383        426.9618        216.3858      29131.6880      35678.2023        183.9522       -445.8384      29054.5525        191.3240      22488.0065      51327.0367         51.7730      41154.1707      40755.1798        124.5924      40271.0170      68811.3791        -69.5783       -256.5610      66137.8522        759.9214      52276.8996       -352.1024        925.6732      51471.0423       1029.6302      44141.4648      39928.8189      63866.4053         -7.4118       1761.8004      63161.9299      -1949.8636      55268.8657      75664.4062       -609.3392      74205.6824      58181.7911      87677.3603      76959.8524
     -2958.3504      -1683.2752      -1147.7434       -876.2287       -883.6019       -719.5633       -692.5287       1610.0909       -553.9639       -413.6436       1198.6510       -803.0312       1383.2228      -1120.4359      -1064.6711        -46.9313      -1506.3757      -2046.4207        -30.9843        247.8349         83.0986        222.8961        -85.2492      -1848.2164       -121.7224         17.3183        -26.1050       -760.3625      -2336.5874        223.3798        458.0412         49.9174       -229.7976      -1674.0126        190.5114        577.2720      -2351.4793       -139.2968       -126.6365      -2542.6927         23.3314      -3644.7696       -393.4978       -662.1372       -166.7430      -3813.2477        -36.3667       -201.7234      -3256.2269       -942.5223       -468.4011         73.6290        571.3240       -591.1795        323.8585      -1419.5427       -336.6485       -791.7613       -654.4625        988.5530      -1057.4556       -602.3507      -1295.9251       -609.3392       1146.4936        -13.7282       -497.1057       -500.9009         31.5125
     46141.3770      30989.6256      12224.7316      59924.9155       8006.8271       1243.2070       1560.6626      -3594.4681       7874.0659       1301.5287      -2667.0381       5549.5388      -2485.4301       9203.1250      21936.0634         64.4484      17599.3249      36290.6237         26.4849        338.8198         70.9410        281.1376       -127.0117      36547.2490       -152.3272       -103.8744       -394.0472        201.2141      29216.2098         16.6119        633.2654        214.5666      28557.3340      36954.3200        263.3977       -325.1629      29626.3223        191.6848      22252.4793      51107.9005         96.4673      40407.3645      39917.2099        115.8748      40440.9134      65209.7908        -73.6484       -294.0898      65949.3750        545.8913      51220.0219       -332.8059        977.5014      51908.3446        956.9261      43918.4311      39707.2608      62465.1466       -180.7019       1818.2828      63459.7751      -1869.1449      54956.2047      74205.6824        -13.7282      75420.6208      57855.2962      86027.2358      76549.8422
     32712.0208      21667.0763       9488.0219      47040.0005       5864.4822       1047.0994       1238.6528      -3494.0645       5500.4935        940.6269      -2553.8917       4505.2985      -2722.6377       8419.5593      15418.1245         23.2231      13435.0078      25840.0820         43.6135        -15.3960        -43.3012         -7.2676        252.2726      25696.2297         34.8040         14.4909        -38.3119         83.6871      22431.7827       -116.4488         17.0304        451.0139      22363.5645      25600.5295        -44.3890          3.4880      22416.3444        480.4951      18946.0970      35968.5162         18.7302      31406.5368      31356.2547        343.6194      31203.8849      46526.1896         -3.6323         -6.9781      46263.3566        252.4970      40267.4076       -119.0127         44.2671      40313.9639        271.1735      35866.4705      34848.6884      49211.9953        159.8938        208.3458      49401.5737       -549.2398      44142.9329      58181.7911       -497.1057      57855.2962      51751.2437      67127.6677      65512.7191
     55165.8965      35260.0970      14002.4212      70333.0022       9510.9510       1344.2491       1820.9913      -3663.5778       8651.0986       1434.3036      -2588.8828       6317.5779      -2487.9671      10047.0605      25237.9225         91.9905      19699.6311      43764.3984         53.9733        375.9895         79.0962        395.5096       -305.5456      42073.1130       -118.7279       -104.9933       -545.2046        258.1119      33852.1220        -46.0130        711.3453        213.9916      33778.4007      40989.5009        317.0202       -410.7031      33157.4603        156.2705      26036.6140      58877.0901        114.3740      46853.6967      47217.7897        -65.6605      46717.7593      78674.5360        -66.7766       -342.0929      75943.1236        639.3513      60563.6370       -402.7275       1281.9231      59544.2888       1343.5624      50787.6728      46098.1787      73943.8831       -203.5058       2394.3368      73020.9827      -2502.5079      63705.4842      87677.3603       -500.9009      86027.2358      67127.6677     101731.7373      89066.0598
     42845.0058      28192.4674      11366.8506      61652.8387       7351.3575        800.2493       1105.5555      -2672.2119       6988.0056        882.7894      -1930.2547       4932.2822      -1943.6717       8951.3906      20279.6535         34.0318      16209.4556      34226.3935         29.7605        142.8299         -1.0388        147.6225         53.1909      33766.8534        -11.3893         26.8796       -182.5843       -245.9101      27318.0566        -61.0906        297.4709        470.5324      29574.7871      33437.7759         89.5051        202.4916      27164.1215        377.3003      24725.7721      47281.8990         36.1413      38037.1115      41400.7120       -127.0424      41336.2051      61558.5153        -30.3044       -123.5393      60815.2134       -183.2101      53190.6007       -223.0682        720.7760      52931.3653        493.7427      44709.6102      44607.7517      64928.1188       -242.8667       1368.2397      64681.4203      -1667.5432      56897.2056      76959.8524         31.5125      76549.8422      65512.7191      89066.0598      88917.5675
