Parameters of VLC=1 Fit: 
background         fit            diff          LC weight
  -14.8508       -14.9419         0.0911        -0.2016   
  -14.1949       -14.2513         0.0564        -0.1248
  -13.3443       -13.3683         0.0240        -0.0532
   -9.7485        -9.8396         0.0911        -0.2016
   -0.1126        -0.1291         0.0165        -0.0365      x
   -0.9684        -0.9726         0.0042        -0.0093
   -0.8779        -0.8822         0.0043        -0.0094
    1.7321         1.7416        -0.0095         0.0211
    0.0638         0.0494         0.0144        -0.0319      x
   -0.7425        -0.7460         0.0035        -0.0077
    1.3060         1.3151        -0.0091         0.0202
    0.3672         0.3558         0.0114        -0.0253      x
    0.7591         0.7667        -0.0076         0.0168
   -0.9000        -0.9160         0.0160        -0.0354      x
    0.7164         0.6764         0.0400        -0.0886      x
    0.0607         0.0605         0.0002        -0.0004
    0.8195         0.7865         0.0330        -0.0730      x
    0.5002         0.4288         0.0714        -0.1580      x
    0.0116         0.0115         0.0001        -0.0002
   -0.3625        -0.3626         0.0001        -0.0002
   -0.2009        -0.2011         0.0002        -0.0003
   -0.4157        -0.4161         0.0004        -0.0009
    0.3868         0.3877        -0.0009         0.0021
    0.7618         0.6948         0.0670        -0.1483      x
    0.0820         0.0820         0.0000        -0.0000
    0.1590         0.1595        -0.0005         0.0012
    0.2954         0.2962        -0.0008         0.0019
   -0.5339        -0.5381         0.0042        -0.0093
    0.3575         0.3003         0.0572        -0.1267      x
   -0.0968        -0.0966        -0.0002         0.0005
   -0.3913        -0.3913         0.0000        -0.0001
    0.5527         0.5540        -0.0013         0.0028
    0.0923         0.0486         0.0437        -0.0967      x
    0.4929         0.4294         0.0635        -0.1406      x
   -0.2983        -0.2986         0.0003        -0.0006
    0.5588         0.5631        -0.0043         0.0095
    0.4792         0.4242         0.0550        -0.1218      x
    0.3055         0.3064        -0.0009         0.0020
   -0.2001        -0.2312         0.0311        -0.0688      x
    0.7347         0.6412         0.0935        -0.2069      x
    0.1135         0.1136        -0.0001         0.0002
    1.0139         0.9338         0.0801        -0.1772      x
    0.2790         0.2178         0.0612        -0.1354      x
    0.3111         0.3087         0.0024        -0.0053
   -0.2328        -0.2905         0.0577        -0.1276      x
    0.7089         0.5804         0.1285        -0.2845      x
    0.2938         0.2940        -0.0002         0.0004
    0.1677         0.1672         0.0005        -0.0011
    0.5125         0.3919         0.1206        -0.2669      x
   -0.5469        -0.5529         0.0060        -0.0134
    0.6721         0.5937         0.0784        -0.1735      x
    0.1742         0.1750        -0.0008         0.0017
   -0.1388        -0.1386        -0.0002         0.0005
    0.5926         0.5170         0.0756        -0.1673      x
   -0.1722        -0.1720        -0.0002         0.0004
    0.5995         0.5302         0.0693        -0.1533      x
    0.3355         0.2802         0.0553        -0.1225      x
    0.4672         0.3707         0.0965        -0.2136      x
    0.0816         0.0793         0.0023        -0.0052
   -0.4195        -0.4192        -0.0003         0.0006
    0.3538         0.2601         0.0937        -0.2075      x
    0.3531         0.3535        -0.0004         0.0008
    0.2042         0.1187         0.0855        -0.1892      x
    0.7687         0.6554         0.1133        -0.2508      x
    0.2267         0.2303        -0.0036         0.0079      
    0.8491         0.7420         0.1071        -0.2370      x
    0.5236         0.4442         0.0794        -0.1757      x
    0.0210        -0.1097         0.1307        -0.2893      x
    0.5668         0.4621         0.1047        -0.2317      x
