       exp       theory         diff
    0.0000       0.0000       0.0000
  -14.7900     -14.9418       0.1518
  -14.1340     -14.1156      -0.0184
  -13.2790     -13.2824       0.0034
  -10.0900      -9.7655      -0.3245
  -31.3200     -31.3216       0.0016
  -29.8230     -29.8189      -0.0041
  -29.3410     -29.3692       0.0282
  -28.6900     -28.5829      -0.1071
  -44.5880     -44.6260       0.0380
  -44.2370     -44.1948      -0.0422
  -43.7850     -43.9331       0.1481
  -43.3520     -43.1996      -0.1524
  -42.6360     -42.8528       0.2168
  -40.5880     -40.5736      -0.0144
  -59.6640     -59.5880      -0.0760
  -58.3160     -58.0366      -0.2794
  -57.4480     -57.2818      -0.1662
  -57.3760     -57.2434      -0.1326
  -57.3310     -57.2172      -0.1138
  -57.1400     -57.2645       0.1245
  -56.9620     -57.0654       0.1034
  -56.9500     -56.7999      -0.1501
  -56.7810     -56.3306      -0.4504
  -56.7310     -55.6351      -1.0959
  -56.4370     -55.8424      -0.5946
  -71.2070     -71.1378      -0.0692
  -70.9000     -71.1084       0.2084
  -70.4950     -70.2744      -0.2206
  -70.0130     -70.2122       0.1992
  -69.6640     -69.5543      -0.1097
  -69.3400     -69.3607       0.0207
  -68.4280     -68.2279      -0.2001
  -68.1130     -68.3539       0.2409
  -84.7750     -84.7389      -0.0361
  -83.3210     -83.1147      -0.2063
  -82.6530     -82.4300      -0.2230
  -82.3140     -82.2100      -0.1040
  -82.8080     -82.8565       0.0485
  -82.0750     -82.2383       0.1633
  -81.4030     -80.8982      -0.5048
  -81.2370     -80.7191      -0.5179
  -94.6910     -94.7690       0.0780
  -94.3460     -94.4808       0.1348
  -93.7350     -93.8923       0.1573
  -93.5000     -93.6839       0.1839
  -93.2640     -93.2529      -0.0111
  -93.1380     -93.2252       0.0872
  -93.1200     -93.1622       0.0422
  -92.9660     -93.0039       0.0379
  -92.8960     -93.3109       0.4149
  -92.8320     -92.6400      -0.1920
  -92.5260     -92.7306       0.2046
  -91.3650     -90.5985      -0.7665
  -91.2700     -90.8745      -0.3955
  -91.0060     -90.7640      -0.2420
  -90.8350     -90.6950      -0.1400
 -106.6700    -106.7326       0.0626
 -105.1050    -105.0727      -0.0323
 -104.4200    -104.4552       0.0352
 -104.3210    -104.1618      -0.1592
 -103.9440    -103.9789       0.0349
 -103.7530    -103.8029       0.0499
 -103.5710    -103.4394      -0.1316
 -102.7350    -102.7156      -0.0194
 -102.2390    -102.2825       0.0435
 -101.9770    -102.2304       0.2534
 -115.2920    -115.2910      -0.0010
 -114.8890    -114.8463      -0.0427
 -114.4470    -114.6156       0.1686
 -113.9430    -113.5385      -0.4045
 -113.9020    -113.8659      -0.0361
 -113.8290    -113.9380       0.1090
 -113.7140    -113.8326       0.1186
 -113.6140    -113.3948      -0.2192
 -113.5520    -113.0150      -0.5370
 -112.2910    -112.1264      -0.1646
 -112.1930    -112.1831      -0.0099
 -111.6480    -111.7884       0.1404
 -111.1410    -111.2389       0.0979
 -125.9040    -125.7923      -0.1117
 -124.0680    -123.9899      -0.0781
 -123.1700    -123.1881       0.0181
 -122.7480    -122.7393      -0.0087
 -122.6860    -122.4854      -0.2006
 -122.2690    -122.4234       0.1544
 -122.4170    -122.6156       0.1986
 -122.3190    -122.3717       0.0527
 -121.9510    -122.0179       0.0669
 -121.9120    -122.2207       0.3087
 -121.8840    -121.8561      -0.0279
 -132.9830    -132.8394      -0.1436
 -132.0740    -132.0571      -0.0169
 -131.4760    -131.5127       0.0367
 -131.2380    -131.4520       0.2140
 -130.7610    -130.9279       0.1669
 -130.4530    -130.4754       0.0224
 -130.4160    -130.4784       0.0624
 -130.3610    -130.2743      -0.0867
 -130.0900    -130.1363       0.0463
 -129.6400    -129.8655       0.2255
 -128.8510    -128.8592       0.0082
 -128.5330    -128.6032       0.0702
 -128.1440    -128.1434      -0.0006
 -141.3330    -141.2596      -0.0734
 -139.5720    -139.4852      -0.0868
 -139.1470    -138.9979      -0.1491
 -139.0140    -138.9326      -0.0814
 -138.5940    -138.5143      -0.0797
 -138.5850    -138.5939       0.0089
 -138.2560    -138.1986      -0.0574
 -138.0240    -137.9576      -0.0664
 -137.8850    -137.9149       0.0299
 -137.7440    -137.7882       0.0442
 -136.9580    -137.3225       0.3645
 -136.0850    -136.1505       0.0655
 -135.6890    -135.8196       0.1306
 -146.4880    -146.5141       0.0261
 -146.3830    -146.3814      -0.0016
 -145.3010    -145.2577      -0.0433
 -145.1750    -145.1825       0.0075
 -144.9070    -144.8712      -0.0358
 -144.8750    -144.9109       0.0359
 -144.8510    -144.8908       0.0398
 -144.6980    -144.6198      -0.0782
 -144.5040    -144.4717      -0.0323
 -144.4540    -144.4272      -0.0268
 -144.1980    -144.1958      -0.0022
 -144.0750    -144.0657      -0.0093
 -143.8280    -143.7709      -0.0571
 -143.3780    -143.4070       0.0290
 -143.0220    -143.0753       0.0533
 -153.9470    -153.8968      -0.0502
 -152.4370    -152.3430      -0.0940
 -151.6640    -151.6411      -0.0229
 -151.4270    -151.5000       0.0730
 -151.4200    -151.4315       0.0115
 -151.3350    -151.3665       0.0315
 -151.1870    -151.2354       0.0484
 -151.0970    -151.0731      -0.0239
 -150.8560    -150.8687       0.0127
 -150.3240    -150.3125      -0.0115
 -158.0340    -158.0684       0.0344
 -157.6420    -157.6524       0.0104
 -157.3530    -157.3127      -0.0403
 -156.6260    -156.5948      -0.0312
 -156.6000    -156.5940      -0.0060
 -156.5180    -156.5352       0.0172
 -155.8490    -155.8822       0.0332
 -155.8490    -155.8380      -0.0110
 -155.8490    -155.8932       0.0442
 -155.4990    -155.5050       0.0060
 -154.7530    -154.7409      -0.0121
 -154.1460    -154.0301      -0.1159
 -164.3000    -164.2417      -0.0583
 -162.8690    -162.8131      -0.0559
 -162.1130    -162.1138       0.0008
 -161.8020    -161.8288       0.0268
 -161.7970    -161.8228       0.0258
 -161.6760    -161.6987       0.0227
 -161.6560    -161.7092       0.0532
 -161.3050    -161.3720       0.0670
 -160.6420    -160.6255      -0.0165
 -167.3460    -167.3691       0.0231
 -166.8030    -166.7766      -0.0264
 -166.6660    -166.6996       0.0336
 -166.1660    -166.1914       0.0254
 -165.9950    -165.9907      -0.0043
 -165.9160    -165.9104      -0.0056
 -165.2780    -165.2337      -0.0443
 -165.1100    -165.1507       0.0407
 -164.8960    -164.9010       0.0050
 -164.1030    -164.0420      -0.0610
 -163.6220    -163.4718      -0.1502
 -163.4370    -163.4241      -0.0129
 -172.4780    -172.4194      -0.0586
 -171.0630    -171.0591      -0.0039
 -170.3790    -170.3501      -0.0289
 -170.0540    -170.1098       0.0558
 -169.9470    -169.9648       0.0178
 -169.8290    -169.8349       0.0059
 -169.2940    -169.3100       0.0160
 -168.6940    -168.6186      -0.0754
 -174.4880    -174.5254       0.0374
 -173.7720    -173.8778       0.1058
 -173.1980    -173.2079       0.0099
 -173.0700    -173.0786       0.0086
 -172.8150    -172.8361       0.0211
 -172.4680    -172.4563      -0.0117
 -172.4350    -172.4391       0.0041
 -172.1450    -172.1275      -0.0175
 -178.5090    -178.4883      -0.0207
 -177.1140    -177.1570       0.0430
 -176.4270    -176.4832       0.0562
 -176.2290    -176.2426       0.0136
 -176.0810    -176.0992       0.0182
 -175.8820    -175.8691      -0.0129
 -179.5910    -179.5774      -0.0136
 -178.5910    -178.7683       0.1773
 -177.2910    -177.2833      -0.0077
 -176.1910    -176.1877      -0.0033
 -182.5990    -182.4618      -0.1372
