Energy outputs   (0.073 MeV RMS for JP fit)
       exp      error        BAB         JP     BAB-JP 
    0.0000     0.1000     0.0000     0.0000     0.0000
  -14.7900     0.1000   -14.8643   -14.9347     0.0704
  -14.1340     0.1000   -14.2390   -14.1590    -0.0800
  -13.2790     0.1000   -13.3503   -13.2797    -0.0706
  -31.3200     0.1000   -31.2163   -31.2431     0.0268
  -29.8230     0.1000   -29.7635   -29.7972     0.0337
  -29.3410     0.1000   -29.2777   -29.3850     0.1073
  -28.6900     0.1000   -28.5505   -28.6501     0.0996
  -44.5880     0.1000   -44.5765   -44.6603     0.0838
  -44.2370     0.1000   -44.1255   -44.1709     0.0454
  -43.7850     0.1000   -43.8173   -43.8755     0.0582
  -43.3520     0.1000   -43.2157   -43.2663     0.0506
  -42.6360     0.1000   -42.6568   -42.6770     0.0202
  -59.6640     0.1000   -59.5748   -59.6646     0.0898
  -58.3160     0.1000   -58.0812   -58.1616     0.0804
  -57.4480     0.1000   -57.4038   -57.4353     0.0315
  -57.3760     0.1000   -57.3462   -57.4255     0.0793
  -57.3310     0.1000   -57.1442   -57.2275     0.0833
  -57.1400     0.1000   -57.0594   -57.0665     0.0071
  -56.9620     0.1000   -56.8225   -56.9184     0.0959
  -56.9500     0.1000   -56.7720   -56.8252     0.0532
  -71.2070     0.1000   -71.1596   -71.1632     0.0036
  -70.9000     0.1000   -71.0280   -71.1304     0.1024
  -70.4950     0.1000   -70.3988   -70.4550     0.0562
  -70.0130     0.1000   -70.0210   -70.1153     0.0943
  -69.6640     0.1000   -69.6565   -69.7202     0.0637
  -69.3400     0.1000   -69.2951   -69.3268     0.0317
  -84.7750     0.1000   -84.7173   -84.7567     0.0394
  -83.3210     0.1000   -83.0275   -83.0890     0.0615
  -82.6530     0.1000   -82.4888   -82.5081     0.0193
  -82.3140     0.1000   -82.1651   -82.2017     0.0366
  -82.8080     0.1000   -82.8864   -82.9176     0.0312
  -82.0750     0.1000   -82.1982   -82.2316     0.0334
  -94.6910     0.1000   -94.7406   -94.7662     0.0256
  -94.3460     0.1000   -94.4752   -94.4532    -0.0220
  -93.7350     0.1000   -93.8422   -93.8639     0.0217
  -93.5000     0.1000   -93.6836   -93.6524    -0.0312
  -93.2640     0.1000   -93.2555   -93.1974    -0.0581
  -93.1380     0.1000   -93.2595   -93.2480    -0.0115
  -93.1200     0.1000   -93.1391   -93.1088    -0.0303
  -92.9660     0.1000   -93.0097   -93.0014    -0.0083
  -92.8960     0.1000   -92.9323   -92.8710    -0.0613
  -92.8320     0.1000   -92.7074   -92.7154     0.0080
  -92.5260     0.1000   -92.6804   -92.6491    -0.0313
  -90.8350     0.1000   -90.7826   -90.7578    -0.0248
 -106.6700     0.1000  -106.6541  -106.6832     0.0291
 -105.1050     0.1000  -105.1128  -105.0852    -0.0276
 -104.4200     0.1000  -104.3866  -104.3568    -0.0298
 -104.3210     0.1000  -104.2335  -104.2435     0.0100
 -103.7530     0.1000  -103.5876  -103.6228     0.0352
 -103.5710     0.1000  -103.4708  -103.4921     0.0213
 -102.7350     0.1000  -102.8346  -102.7651    -0.0695
 -102.2390     0.1000  -102.2633  -102.2557    -0.0076
 -115.2920     0.1000  -115.3245  -115.2641    -0.0604
 -114.8890     0.1000  -114.9816  -114.8459    -0.1357
 -114.4470     0.1000  -114.4660  -114.4759     0.0099
 -113.9430     0.1000  -113.8821  -113.8186    -0.0635
 -113.9020     0.1000  -114.0378  -113.9525    -0.0853
 -113.8290     0.1000  -113.8553  -113.8032    -0.0521
 -113.7140     0.1000  -113.8010  -113.8037     0.0027
 -113.6140     0.1000  -113.5091  -113.4743    -0.0348
 -112.2910     0.1000  -112.2567  -112.1881    -0.0686
 -112.1930     0.1000  -112.2898  -112.2333    -0.0565
 -111.6480     0.1000  -111.6458  -111.5751    -0.0707
 -111.1410     0.1000  -111.1663  -111.1799     0.0136
 -125.9040     0.1000  -125.9588  -125.8132    -0.1456
 -124.0680     0.1000  -124.1223  -124.0430    -0.0793
 -123.1700     0.1000  -123.2542  -123.1418    -0.1124
 -122.7480     0.1000  -122.7592  -122.6992    -0.0600
 -122.6860     0.1000  -122.8312  -122.7675    -0.0637
 -122.2690     0.1000  -122.4169  -122.3225    -0.0944
 -122.4170     0.1000  -122.5362  -122.4784    -0.0578
 -122.3190     0.1000  -122.4197  -122.3476    -0.0721
 -121.9510     0.1000  -122.1019  -122.0260    -0.0759
 -121.8840     0.1000  -121.9248  -121.8108    -0.1140
 -132.9830     0.1000  -133.1196  -132.9593    -0.1603
 -132.0740     0.1000  -132.1537  -132.0768    -0.0769
 -131.4760     0.1000  -131.6244  -131.5670    -0.0574
 -131.2380     0.1000  -131.5636  -131.4751    -0.0885
 -130.7610     0.1000  -131.0029  -130.9180    -0.0849
 -130.4530     0.1000  -130.4938  -130.4298    -0.0640
 -130.4160     0.1000  -130.5223  -130.5332     0.0109
 -130.3610     0.1000  -130.5054  -130.4026    -0.1028
 -130.0900     0.1000  -130.2071  -130.1116    -0.0955
 -129.6400     0.1000  -129.8598  -129.7768    -0.0830
 -128.8510     0.1000  -128.9543  -128.8278    -0.1265
 -128.5330     0.1000  -128.6564  -128.5860    -0.0704
 -128.1440     0.1000  -128.2403  -128.1427    -0.0976
 -141.3330     0.1000  -141.3565  -141.2493    -0.1072
 -139.5720     0.1000  -139.5335  -139.4721    -0.0614
 -139.1470     0.1000  -139.1172  -139.0659    -0.0513
 -139.0140     0.1000  -139.0695  -139.0048    -0.0647
 -138.5940     0.1000  -138.6523  -138.5809    -0.0714
 -138.5850     0.1000  -138.7134  -138.6081    -0.1053
 -138.2560     0.1000  -138.2632  -138.2380    -0.0252
 -138.0240     0.1000  -138.0361  -137.9762    -0.0599
 -137.8850     0.1000  -137.9016  -137.8840    -0.0176
 -137.7440     0.1000  -137.8630  -137.8226    -0.0404
 -136.0850     0.1000  -136.2248  -136.2222    -0.0026
 -135.6890     0.1000  -135.9184  -135.8098    -0.1086
 -146.4880     0.1000  -146.5251  -146.4962    -0.0289
 -146.3830     0.1000  -146.4097  -146.3586    -0.0511
 -145.3010     0.1000  -145.3086  -145.2947    -0.0139
 -145.1750     0.1000  -145.1013  -145.1117     0.0104
 -144.9070     0.1000  -145.0504  -145.0017    -0.0487
 -144.8750     0.1000  -144.9615  -144.9311    -0.0304
 -144.8510     0.1000  -144.9153  -144.8954    -0.0199
 -144.6980     0.1000  -144.7123  -144.7020    -0.0103
 -144.5040     0.1000  -144.4602  -144.4653     0.0051
 -144.4540     0.1000  -144.4850  -144.4761    -0.0089
 -144.1980     0.1000  -144.2400  -144.2191    -0.0209
 -144.0750     0.1000  -144.0116  -144.0029    -0.0087
 -143.8280     0.1000  -143.8100  -143.7375    -0.0725
 -143.3780     0.1000  -143.3926  -143.3891    -0.0035
 -143.0220     0.1000  -143.1031  -143.0761    -0.0270
 -153.9470     0.1000  -153.8937  -153.8731    -0.0206
 -152.4370     0.1000  -152.2839  -152.2928     0.0089
 -151.6640     0.1000  -151.6376  -151.6639     0.0263
 -151.4270     0.1000  -151.3555  -151.4278     0.0723
 -151.4200     0.1000  -151.4064  -151.4227     0.0163
 -151.3350     0.1000  -151.2730  -151.3043     0.0313
 -151.1870     0.1000  -151.2132  -151.2391     0.0259
 -151.0970     0.1000  -151.0831  -151.0767    -0.0064
 -158.0340     0.1000  -158.0092  -158.0458     0.0366
 -157.6420     0.1000  -157.5905  -157.6077     0.0172
 -157.3530     0.1000  -157.2606  -157.2791     0.0185
 -156.6260     0.1000  -156.5088  -156.5531     0.0443
 -156.6000     0.1000  -156.4477  -156.5084     0.0607
 -156.5180     0.1000  -156.4713  -156.5173     0.0460
 -155.8490     0.1000  -155.8634  -155.8981     0.0347
 -155.8490     0.1000  -155.7867  -155.8642     0.0775
 -155.8490     0.1000  -155.8280  -155.8712     0.0432
 -155.4990     0.1000  -155.4779  -155.5265     0.0486
 -154.7530     0.1000  -154.7195  -154.7594     0.0399
 -154.1460     0.1000  -154.0565  -154.0578     0.0013
 -164.3000     0.1000  -164.2210  -164.2620     0.0410
 -162.8690     0.1000  -162.7702  -162.8100     0.0398
 -162.1130     0.1000  -162.0108  -162.0952     0.0844
 -161.8020     0.1000  -161.7619  -161.8084     0.0465
 -161.7970     0.1000  -161.6905  -161.7341     0.0436
 -161.6760     0.1000  -161.6372  -161.6910     0.0538
 -161.6560     0.1000  -161.6152  -161.6907     0.0755
 -161.3050     0.1000  -161.3246  -161.3966     0.0720
 -160.6420     0.1000  -160.5785  -160.6315     0.0530
 -167.3460     0.1000  -167.3180  -167.3838     0.0658
 -166.8030     0.1000  -166.7226  -166.7504     0.0278
 -166.6660     0.1000  -166.6053  -166.6657     0.0604
 -166.1660     0.1000  -166.1598  -166.1994     0.0396
 -165.9950     0.1000  -165.9214  -165.9742     0.0528
 -165.9160     0.1000  -165.8514  -165.8992     0.0478
 -165.2780     0.1000  -165.1837  -165.2519     0.0682
 -165.1100     0.1000  -165.0911  -165.1404     0.0493
 -164.8960     0.1000  -164.8257  -164.8899     0.0642
 -164.1030     0.1000  -164.0624  -164.0557    -0.0067
 -163.6220     0.1000  -163.4901  -163.5202     0.0301
 -163.4370     0.1000  -163.4158  -163.4083    -0.0075
 -172.4780     0.1000  -172.4298  -172.4951     0.0653
 -171.0630     0.1000  -171.0553  -171.0995     0.0442
 -170.3790     0.1000  -170.3167  -170.3745     0.0578
 -170.0540     0.1000  -170.0363  -170.0888     0.0525
 -169.9470     0.1000  -169.9100  -169.9721     0.0621
 -169.8290     0.1000  -169.7944  -169.8401     0.0457
 -169.2940     0.1000  -169.2309  -169.2717     0.0408
 -168.6940     0.1000  -168.6151  -168.6267     0.0116
 -174.4880     0.1000  -174.5155  -174.5682     0.0527
 -173.7720     0.1000  -173.8546  -173.8855     0.0309
 -173.1980     0.1000  -173.2539  -173.2520    -0.0019
 -173.0700     0.1000  -173.0057  -173.0230     0.0173
 -172.8150     0.1000  -172.7970  -172.8002     0.0032
 -172.4680     0.1000  -172.4687  -172.4666    -0.0021
 -172.4350     0.1000  -172.3966  -172.4098     0.0132
 -172.1450     0.1000  -172.1083  -172.1081    -0.0002
 -178.5090     0.1000  -178.5409  -178.5902     0.0493
 -177.1140     0.1000  -177.2517  -177.2462    -0.0055
 -176.4270     0.1000  -176.4201  -176.4253     0.0052
 -176.2290     0.1000  -176.3025  -176.2810    -0.0215
 -176.0810     0.1000  -176.0964  -176.0885    -0.0079
 -175.8820     0.1000  -175.9151  -175.9108    -0.0043
 -179.5910     0.1000  -179.6332  -179.6156    -0.0176
 -178.9200     0.1000  -178.8905  -178.8307    -0.0598
 -177.6200     0.1000  -177.6293  -177.5836    -0.0457
 -177.5200     0.1000  -177.5129  -177.4763    -0.0366
 -182.5990     0.1000  -182.5744  -182.5546    -0.0198

Parameter outputs (0.759 MeV RMS for JP fit)
BAB    JP    Diff 
  -14.8643   -14.9347    -0.0704
  -14.2390   -14.1590     0.0800
  -13.3503   -13.2797     0.0706
  -10.5378   -10.5114     0.0264
   -1.5159    -0.6491     0.8668
   -1.1826    -1.1152     0.0674
   -0.8045    -0.7602     0.0443
   -1.1019     0.7582     1.8601
    0.0702     0.0890     0.0188
   -1.0718    -1.3075    -0.2357
    0.7517     0.3813    -0.3704
    0.3935     0.4918     0.0983
    0.9108     0.7854    -0.1254
   -2.4202    -1.5835     0.8367
   -0.0200    -0.0106     0.0094
   -0.6327    -1.1466    -0.5139
    0.7452     0.4612    -0.2840
   -0.1363     0.0308     0.1671
    0.3675     0.1112    -0.2563
   -0.7172    -0.4861     0.2311
   -1.5833    -1.3551     0.2282
    0.7391     0.5241    -0.2150
   -3.1045    -1.6785     1.4260
    0.7971     1.0387     0.2416
   -0.4134    -0.0816     0.3318
    1.1642     1.2703     0.1061
   -0.5335    -0.5958    -0.0623
   -0.4707    -0.4616     0.0091
   -0.0686    -0.0845    -0.0159
    1.0070     1.0899     0.0829
   -1.0869    -1.0155     0.0714
    0.5671     0.3953    -0.1718
    1.5916     1.1483    -0.4433
    0.3327     0.2783    -0.0544
   -0.8206    -0.9237    -0.1031
    0.6590     0.3964    -0.2626
    0.1487     0.2009     0.0522
    0.8393     1.0332     0.1939
   -0.6521    -0.5020     0.1501
    1.3744     1.1698    -0.2046
    0.4890     0.5512     0.0622
    1.2548     1.2958     0.0410
    0.3356     0.1757    -0.1599
    0.6161     0.7717     0.1556
   -0.3758    -0.2844     0.0914
    0.4918     0.6105     0.1187
    0.6381     0.6274    -0.0107
   -3.9443    -2.9579     0.9864
    0.2225     0.3090     0.0865
   -1.1854    -1.5099    -0.3245
   -0.0408    -0.1097    -0.0689
    0.6649     0.5005    -0.1644
    0.0269     0.1271     0.1002
    0.5638     0.5105    -0.0533
   -0.0534    -0.1170    -0.0636
    0.6463     0.6666     0.0203
    0.2372     0.3836     0.1464
    1.7361     1.4452    -0.2909
    0.6329     0.4590    -0.1739
   -0.1694    -0.3011    -0.1317
   -0.1143    -0.1072     0.0071
    0.2449     0.2532     0.0083
    0.1191     0.0993    -0.0198
    0.4237     0.2664    -0.1573
   -0.0592    -0.1005    -0.0413
    1.0765     1.0653    -0.0112
    0.3896     0.3956     0.0060
   -0.2783    -0.0656     0.2127
    0.5956     0.5881    -0.0075

e = Gp minimization
Elements of G: 
  98093815.8262   57568451.5293   18981412.3460   44414605.9987     111516.9874     382971.9912     235673.4988    1808319.5727     152528.3045     232177.6022     649298.3693    -241486.3415     273064.8503     782645.7665   -2139491.1349      -1926.3084   -1391843.7470   -1727799.9276       -548.5039      53652.5662      17512.1388      79436.7183     134928.9201   -4023418.6454       3868.2172      15134.9105      78819.0094     355360.5662    -799037.4553        898.5279      68568.1867     253581.0403     -35618.2825   -1130481.5545      58416.1464     358369.3250    -941785.7605      89645.3493     575923.6303   -3658519.4771      -3814.5995   -4467963.6186    -707917.7368     -28705.9024    1136729.2862   -6004828.5831      13231.7692      19885.5843   -4521333.2466     564163.6896   -2105547.8799      12634.3207       1484.7834   -1981114.9867       3849.5224   -1628726.5235    -363434.7993   -1730651.0582     -17090.0955      41920.1605    -944826.2631      96038.2129    -381881.7744   -3673933.5745      82472.8741   -4809480.0950   -1098052.9434    1269935.4231   -2235384.0493
  57568451.5293   34833540.0923   11607938.6087   27419796.1742      65451.7714     201494.3434     126718.3633    1036386.7866      93447.3191     131878.3128     383382.8237    -149339.6005     160148.0394     480788.5515   -1302737.4017      -1009.5597    -864264.5101   -1026954.2084       -178.8664      28559.9662       8721.3650      37891.9093      76871.2454   -2452441.6501       2377.0366       8339.7945      41541.3606     209882.3409    -491425.3701        620.2068      39696.8316     153025.6663     -22073.9243    -697384.6437      32115.9641     215419.8573    -584163.6671      53541.5232     360174.1092   -2231099.1315      -2710.3041   -2753175.9640    -438455.1416     -16907.5506     708261.5025   -3572584.2354       5284.5212      10570.5193   -2752506.3979     332300.0602   -1304752.8247       7297.6148        887.4147   -1236605.8490       2290.5452   -1018947.5815    -227985.9340   -1071474.6094     -10156.3301      25052.8200    -588284.1326      56908.0741    -238905.9054   -2276434.5887      47289.4826   -3006345.2348    -689579.1402     786909.5229   -1402956.5882
  18981412.3460   11607938.6087    4407483.6181   10228879.7632      21631.2774      56848.4851      33118.4116     316478.8689      31777.0739      33951.2269     118573.4131     -62181.3958      58668.1761     175482.5055    -445536.3231       -194.7826    -334875.3221    -347192.0737         13.9772       7576.6302       2333.2555       9642.0662      22610.5777    -839014.7835        707.2103       2255.5094       9943.4843      62851.5215    -188976.7050        261.0470      11612.1768      53615.6595      -8339.4248    -240052.8387       8065.7086      64856.7605    -225589.8834      18195.4086     143663.2730    -764221.8575       -484.7549   -1066808.6871    -165798.2014      -5207.9116     268818.0211   -1208575.2725       1355.6351       2856.2950    -938146.9559      96585.4384    -494541.5354       2052.8988        135.0657    -469583.3495        545.4229    -423644.1096     -92182.0400    -404844.1888      -3218.1871       4570.0364    -222282.3436      13612.9779     -97405.0945    -861711.9814      13977.7645   -1146553.3637    -279676.2675     297360.7812    -561989.7390
  44414605.9987   27419796.1742   10228879.7632   27897927.4242      50419.1655     106573.3032      69824.0847     619827.8409      76499.0474      73730.0974     236558.9532    -146741.4645     111897.0296     469683.1090   -1080192.1854       -490.2289    -803385.6047    -834727.3729        173.6305      10246.5653       3713.7524      12400.1837      41645.5945   -2036048.9976       1056.3611       3494.3337      16007.9993     113322.3199    -448735.4850        367.5980      16797.1117      95024.6167     -23042.8767    -584700.6075      12385.9729     119478.2706    -539056.7164      32927.4144     419444.1023   -1862082.6838       -906.2395   -2555643.8667    -457655.6513      -8987.7772     747796.6923   -2917514.6524       1534.7216       5854.2468   -2280563.3070     175394.5187   -1370281.0398       4374.0294        641.1493   -1302464.3505       1574.0401   -1138201.2144    -276616.3073   -1117590.7634      -5253.8265      18609.6810    -612244.3117      41632.8402    -264411.0880   -2386866.4481      24837.7996   -3203338.9730    -842816.5254     823700.6050   -1690135.4398
    111516.9874      65451.7714      21631.2774      50419.1655        131.1804        506.3693        291.8147       2192.2791        175.6016        282.9908        785.3029       -277.4041        333.2703        914.4540      -2433.1053         -2.7421      -1582.4087      -1966.6793         -0.8852         53.1266         16.1677         81.6667        148.5067      -4573.9668          4.0492         16.3047         90.1230        405.4860       -907.4363          0.6083         70.9791        283.4412        -40.3766      -1283.5351         60.4205        406.0495      -1069.2707         98.9828        646.3017      -4154.1150         -3.1315      -5088.7841       -802.8499        -34.1709       1286.2396      -6837.2363         17.2048         21.5407      -5126.7114        639.9121      -2386.9773         14.8107          1.6509      -2242.6427          4.4398      -1838.6814       -407.4932      -1961.7204        -20.0033         46.8664      -1069.7862        108.8931       -430.8586      -4162.1526         96.6043      -5434.9665      -1231.3970       1438.1451      -2503.8868
    382971.9912     201494.3434      56848.4851     106573.3032        506.3693       4532.7621       1917.7563      11338.7798        567.1936       1817.3664       4248.4517       -677.5035       1679.6226       2720.2100      -6679.0760        -26.0350      -3563.7008      -5995.6716        -17.5279        200.5565         29.2637        389.1591        532.1801     -12573.1186          5.5351         64.4000        486.4777       1558.9665      -2117.2263         -7.6597        203.5111        804.8135        -77.6839      -3418.3766        188.4874       1459.6480      -2428.7841        273.2518        951.1930     -11313.6234         13.0523     -11768.2573      -1548.7149       -161.2023       2345.0376     -20820.2717        184.6647        102.3827     -14134.7854       2503.3128      -4538.2534         65.3337          5.0415      -4141.9647         17.0765      -2951.2210       -539.9491      -3786.3778        -87.8331        136.4746      -2048.9521        339.7208       -686.1252      -7945.3368        433.1811      -9659.1501      -1567.1908       2747.3914      -3199.9186
    235673.4988     126718.3633      33118.4116      69824.0847        291.8147       1917.7563       1404.3999       6218.4063        328.8773       1292.5930       2219.2881       -484.3339       1276.0165       1538.0323      -4341.9271        -15.2526      -2113.3543      -3814.3600         -6.1379        148.6636         39.8557        260.1231        351.4279      -8131.7891          6.9138         46.5063        334.8643        969.6833      -1273.0950         -3.1870        141.1069        425.8755        -51.8557      -2165.5421        173.0273        912.3957      -1442.7304        146.8741        619.8924      -7338.2076         -4.8637      -7024.2790      -1027.4953        -89.3722       1577.6113     -13218.5687         70.8993         63.4639      -9180.7841       1581.9521      -3018.3140         44.6006          4.5044      -2747.1636         12.6418      -1961.2901       -351.5757      -2516.1182        -48.2593        112.2672      -1348.2858        250.3815       -443.6146      -5290.0122        269.1895      -6438.6674      -1027.5659       1837.4070      -2155.6509
   1808319.5727    1036386.7866     316478.8689     619827.8409       2192.2791      11338.7798       6218.4063      48938.6218       2736.6118       5933.9732      17631.2600      -3665.7528       7650.1121      16270.2082     -36874.7870        -60.4694     -21621.7471     -30578.1155        -21.8832       1011.2986        293.8273       1599.4802       2727.5258     -69352.9352         75.1993        321.2933       1852.4972       8208.6997     -12665.1061          3.5368       1332.9942       5066.1845       -470.5116     -19173.2555       1159.1748       7998.9858     -14667.3478       1675.2085       6281.9481     -62745.0445        -58.8308     -70240.8214      -9386.8995       -788.3044      14630.3203    -106122.5589        351.4613        353.0579     -77744.9332      12886.8954     -27610.6489        295.6803         22.1761     -25750.2898         87.9947     -19124.0898      -3603.2412     -22954.1771       -449.4367        656.3784     -12565.3257       1728.3814      -4457.4970     -48165.4660       2124.6490     -60616.0520     -10591.3983      16641.3956     -21242.1015
    152528.3045      93447.3191      31777.0739      76499.0474        175.6016        567.1936        328.8773       2736.6118        259.0150        363.2411       1055.3421       -418.6508        437.4730       1346.1725      -3533.4747         -3.1310      -2399.9905      -2754.4736         -0.1694         61.4354         18.5431         77.2264        191.0666      -6660.6336          5.5802         18.2168         93.4714        538.0012      -1352.2956          1.2142         90.2812        397.6845        -61.8518      -1913.4143         66.3534        558.3239      -1619.0341        136.8464       1014.2035      -6062.6545         -5.6077      -7615.4905      -1227.9945        -44.8213       1991.6545      -9597.0439         12.7405         25.5999      -7456.6065        846.0824      -3657.4300         19.1410          2.3845      -3484.1125          6.1584      -2878.1176       -645.9599      -2999.0384        -26.6180         67.2263      -1652.8723        151.7242       -674.7106      -6378.8650        120.2700      -8483.3548      -1958.3843       2204.3102      -3978.3226
    232177.6022     131878.3128      33951.2269      73730.0974        282.9908       1817.3664       1292.5930       5933.9732        363.2411       1374.8061       2311.1731       -501.1985       1187.5093       1597.2439      -4539.7861        -15.7025      -2224.4069      -3818.4412         -4.7100        138.8357         33.6922        206.8696        350.9403      -8541.1538          8.4729         36.8873        294.3408        993.3807      -1313.5189         -3.8251        144.8999        456.5170        -55.3699      -2366.4965        139.2584        979.2216      -1518.1696        153.8969        666.3754      -7713.7448        -11.8856      -7249.0272      -1091.1275        -88.3243       1694.6259     -13256.9224         56.4952         57.9427      -9613.6314       1619.3060      -3202.1081         44.7344          6.0461      -2978.0853         16.0979      -2047.5391       -377.2242      -2665.9040        -49.9184        142.7628      -1450.5581        285.3689       -463.4956      -5619.4860        263.7269      -6982.5643      -1106.5297       1956.3118      -2328.8435
    649298.3693     383382.8237     118573.4131     236558.9532        785.3029       4248.4517       2219.2881      17631.2600       1055.3421       2311.1731       6801.9175      -1427.3399       2942.5312       6179.0905     -13725.0938        -23.5963      -8281.0701     -11081.6734         -6.3755        311.0225         80.5948        429.8328        932.8809     -25903.9922         25.0359         99.0304        572.4648       2972.9648      -4770.0624          0.0578        428.3367       1814.0427       -180.6108      -7309.9908        327.4883       2958.4320      -5606.4824        581.8264       2419.7623     -23473.0612        -23.1710     -26608.7905      -3595.6916       -293.6658       5641.7848     -38554.3022        104.0442        110.1009     -29012.5782       4661.5363     -10587.2114        109.0400          7.7342      -9993.7474         32.1045      -7470.2322      -1407.9904      -8791.7176       -169.6068        229.0867      -4861.9400        618.9853      -1741.4173     -18484.8925        771.8940     -23526.6695      -4158.3271       6388.9772      -8341.5460
   -241486.3415    -149339.6005     -62181.3958    -146741.4645       -277.4041       -677.5035       -484.3339      -3665.7528       -418.6508       -501.1985      -1427.3399       1040.4815       -966.6806      -2437.5095       5840.7644          2.9209       4873.2597       4503.3515         -0.6837        -55.7100        -20.8923        -66.8739       -238.5807      11007.8230         -6.3101        -20.6776        -89.4961       -672.4751       2709.4592         -2.2753        -83.7898       -628.2867        120.8055       3171.0282        -66.0681       -703.7847       3266.5094       -210.0713      -2167.1960      10057.6039          3.3192      15454.9895       2400.3682         56.0755      -3912.8603      15733.3229        -11.7686        -31.2645      12321.7888      -1018.7886       7176.9696        -22.8997         -0.3780       6831.7879         -5.7144       6706.3281       1408.8637       5857.0474         35.0927        -17.5150       3216.5138       -106.1153       1501.6065      12498.1615       -151.2945      16753.0700       4284.7168      -4309.4447       8516.6156
    273064.8503     160148.0394      58668.1761     111897.0296        333.2703       1679.6226       1276.0165       7650.1121        437.4730       1187.5093       2942.5312       -966.6806       2269.5643       2818.0533      -5830.9537        -10.4029      -4224.7254      -4723.3131         -2.0140         91.7133         30.0966        139.2921        317.4925     -10990.6736          7.3376         37.4547        215.3679       1132.6594      -2395.0557         -1.2946         84.7425        659.1888        -86.4522      -3073.2846        109.6338       1095.3678      -2832.7599        167.5115       1212.5230      -9988.8813         -6.9939     -13607.7950      -1718.1694       -123.4317       2711.9203     -16463.6961         34.5817         36.9339     -12334.0619       1777.2816      -5087.5410         43.5257         -4.0979      -4805.5600          2.0196      -4377.8293       -738.2818      -4213.8985        -70.9874        -62.4073      -2326.9227         88.3727       -977.6945      -8893.8458        333.7309     -11375.0368      -2225.8564       3065.6969      -4401.8479
    782645.7665     480788.5515     175482.5055     469683.1090        914.4540       2720.2100       1538.0323      16270.2082       1346.1725       1597.2439       6179.0905      -2437.5095       2818.0533      11033.7127     -18610.6464        -11.0090     -13492.6552     -14432.0149          0.6530        177.9358         59.3803        228.6745        681.8519     -35070.3985         19.2729         67.5969        322.7875       2222.2706      -7556.8252          4.5365        290.7906       1638.9127       -382.4314     -10057.9906        217.1374       2266.8043      -9053.2471        531.8351       6929.1476     -32034.2345        -13.2999     -43011.5800      -7608.8829       -224.2029      12378.2094     -50424.7100         44.0504         83.3523     -39257.7945       3344.1483     -22741.0639         85.7679         11.6691     -21665.4273         41.5243     -18444.2372      -4525.8222     -18559.5166       -119.4966        332.7144     -10207.4521        741.8666      -4242.4026     -39551.6397        549.1161     -52916.4266     -13715.7482      13631.2716     -26870.9916
  -2139491.1349   -1302737.4017    -445536.3231   -1080192.1854      -2433.1053      -6679.0760      -4341.9271     -36874.7870      -3533.4747      -4539.7861     -13725.0938       5840.7644      -5830.9537     -18610.6464      49676.7370         30.7489      33660.2868      38867.3540         -2.4980       -916.7171       -280.8841      -1167.4340      -2729.4264      93470.4607        -81.3938       -275.2869      -1340.1110      -7522.3487      19074.2197        -22.8957      -1326.6256      -5634.2114        875.7926      26594.9204      -1033.6766      -7744.7387      22700.5150      -1953.1241     -14429.5101      85137.9074         85.5201     107324.5229      17395.3379        606.9154     -28157.1008     135312.1283       -144.9948       -358.9906     104708.5471     -11830.7493      51823.7466       -264.9736        -33.3601      49136.8411        -84.8194      40803.3454       9197.9820      42495.6999        363.5403       -947.0339      23312.4180      -2147.0856       9568.2856      90354.0730      -1690.2333     119684.4726      27896.4001     -31222.8984      56690.7258
     -1926.3084      -1009.5597       -194.7826       -490.2289         -2.7421        -26.0350        -15.2526        -60.4694         -3.1310        -15.7025        -23.5963          2.9209        -10.4029        -11.0090         30.7489          0.8041         10.1641         29.5010          0.0091          0.6569          0.6962          1.0153         -2.2443         61.4888          0.0306         -0.0290         -5.9482         -8.0070          6.8491          0.2670          0.5256         -0.9952          0.3393         15.4002         -0.6836         -6.5664          7.2782         -0.7049         -2.8445         53.9827          0.0812         37.2974          6.7058          1.0021         -9.9939        108.1741         -0.5365         -0.5368         71.1444        -14.0317         19.8185         -0.3609         -0.0653         16.3179         -0.1269          8.0189          1.5253         16.7192          0.3441         -1.5812          8.2082         -2.7479          1.9887         34.4560         -3.1220         38.0226          4.2263        -12.1750          9.6081
  -1391843.7470    -864264.5101    -334875.3221    -803385.6047      -1582.4087      -3563.7008      -2113.3543     -21621.7471      -2399.9905      -2224.4069      -8281.0701       4873.2597      -4224.7254     -13492.6552      33660.2868         10.1641      26096.6203      25887.4974         -5.6973       -405.5876       -139.1804       -467.2054      -1521.4404      63461.3689        -44.1036       -134.7681       -539.4619      -4306.7784      14563.2693        -17.9509       -669.0406      -3809.7538        659.1881      18296.7888       -461.3230      -4507.0440      17501.4173      -1282.0139     -11509.1353      57941.2654         33.2497      82657.6158      13103.3188        356.9315     -21367.5998      90368.0944        -49.0149       -187.0068      71001.1030      -6619.0396      39145.6724       -139.5064         -8.8412      37336.4453        -36.0389      33955.6024       7451.2329      31996.0888        220.0259       -312.8440      17620.8418       -953.3985       7807.1060      68189.1116       -934.0057      91423.0167      22662.8222     -23521.2765      45478.8889
  -1727799.9276   -1026954.2084    -347192.0737    -834727.3729      -1966.6793      -5995.6716      -3814.3600     -30578.1155      -2754.4736      -3818.4412     -11081.6734       4503.3515      -4723.3131     -14432.0149      38867.3540         29.5010      25887.4974      31124.0667          1.5710       -812.6227       -275.0538      -1175.9992      -2286.4438      73181.6591        -63.1885       -234.8226      -1205.1840      -6094.8463      14795.1528        -15.9102      -1093.0601      -4458.6251        674.4872      20612.5344       -898.8500      -6179.8421      17471.4635      -1557.4302     -11014.6855      66628.3275         58.6372      83102.5197      13403.7594        493.0580     -21569.0617     108217.8673       -160.4496       -316.8198      82051.8852      -9615.9094      39913.1400       -219.3290        -26.6838      37582.5585        -68.1890      31138.2375       6998.9120      32759.1318        293.5109       -757.7018      17875.4384      -1733.4933       7302.1188      69595.6352      -1412.8302      91413.8323      21204.4217     -24049.6720      43121.8501
      -548.5039       -178.8664         13.9772        173.6305         -0.8852        -17.5279         -6.1379        -21.8832         -0.1694         -4.7100         -6.3755         -0.6837         -2.0140          0.6530         -2.4980          0.0091         -5.6973          1.5710          0.4782         -2.5312          0.5134         -3.8859         -0.1020         -7.1230         -0.0365         -0.6625         -2.4376          0.0005         -2.9205         -0.0168         -1.1971          0.8209         -0.1686         -2.5085         -1.5875          0.5410         -3.4929          0.0543          2.5555        -10.1383         -0.1263        -19.5813         -3.3238         -0.0889          5.6494         -1.6785         -2.6906         -0.5923         -8.2836         -0.5801        -10.0039         -0.0919          0.0088         -9.6418          0.0209         -7.9179         -1.3459         -8.2814         -0.0589          0.2552         -4.4632          0.4685         -1.8572        -17.1679          0.1347        -23.8898         -4.0478          5.9245         -8.7266
     53652.5662      28559.9662       7576.6302      10246.5653         53.1266        200.5565        148.6636       1011.2986         61.4354        138.8357        311.0225        -55.7100         91.7133        177.9358       -916.7171          0.6569       -405.5876       -812.6227         -2.5312        152.0152         39.8886        202.1913        131.0447      -1644.5940          7.5759         24.4621        107.4686        247.7023       -273.1990          3.5433        143.3288        201.2968         -7.1897       -444.3285        101.1466        245.3857       -304.6725         81.2587         97.4155      -1417.5889         -4.1574      -1293.8243       -141.9228        -14.6788        214.9134      -2545.0070         32.9519         22.7049      -1814.4816        374.1732       -406.4777          7.9615          1.0802       -370.6705          2.4724       -249.8077        -42.1887       -343.4491         -9.6149         26.5818       -187.4516         47.9060        -58.3428       -727.0720         41.3620       -897.8416       -109.5499        255.7650       -254.1025
     17512.1388       8721.3650       2333.2555       3713.7524         16.1677         29.2637         39.8557        293.8273         18.5431         33.6922         80.5948        -20.8923         30.0966         59.3803       -280.8841          0.6962       -139.1804       -275.0538          0.5134         39.8886         29.0874         68.0392         47.0679       -524.1484          2.3924          6.6925         25.5852         75.2902        -87.6307          1.3337         30.4017         58.6157         -2.6865       -145.8588         34.4790         79.3556       -100.1062         24.0211         38.9634       -469.2601         -2.5030       -445.7457        -53.7582         -4.5824         81.2366       -902.8814          3.9591          7.5268       -598.7578        116.4333       -156.5686          2.0919          0.2452       -140.5970          0.5864       -102.7935        -18.0164       -131.8927         -3.0689          7.0187        -71.4752         15.3051        -24.4267       -278.8078         12.6853       -345.4538        -48.9051         96.4287       -107.2888
     79436.7183      37891.9093       9642.0662      12400.1837         81.6667        389.1591        260.1231       1599.4802         77.2264        206.8696        429.8328        -66.8739        139.2921        228.6745      -1167.4340          1.0153       -467.2054      -1175.9992         -3.8859        202.1913         68.0392        342.5237        191.2978      -2096.2610          8.9381         39.0526        166.2838        330.1834       -328.2144          4.8266        182.7718        247.2137         -8.3004       -538.8097        152.6648        310.1586       -361.3014        108.2952        107.8986      -1785.0183          2.0115      -1550.5422       -165.6321        -18.8613        237.6065      -3750.3951         62.7195         40.1779      -2301.7606        494.4503       -472.4579         12.4575          1.2760       -402.5069          2.7845       -261.0478        -45.1636       -401.7195        -12.0089         33.0298       -211.9704         64.6934        -61.5654       -849.1236         56.4673       -978.7077       -113.8880        296.2464       -266.6282
    134928.9201      76871.2454      22610.5777      41645.5945        148.5067        532.1801        351.4279       2727.5258        191.0666        350.9403        932.8809       -238.5807        317.4925        681.8519      -2729.4264         -2.2443      -1521.4404      -2286.4438         -0.1020        131.0447         47.0679        191.2978        275.8118      -5123.4231          9.0864         31.1126        157.0877        666.3803       -913.4157          2.8508        164.3593        493.2325        -31.7235      -1411.5097        130.4831        673.4607      -1048.3917        181.1190        454.8333      -4627.9760         -9.4126      -4934.9081       -630.4303        -48.7761        979.3709      -7853.9160         18.0430         34.2572      -5755.1238       1028.6576      -1846.4756         20.6227          2.8715      -1700.6283          7.2449      -1248.2640       -222.2948      -1541.9664        -31.8025         72.9819       -836.1198        147.2942       -294.6244      -3232.0161        146.8396      -4029.2485       -618.9508       1123.4076      -1345.5789
  -4023418.6454   -2452441.6501    -839014.7835   -2036048.9976      -4573.9668     -12573.1186      -8131.7891     -69352.9352      -6660.6336      -8541.1538     -25903.9922      11007.8230     -10990.6736     -35070.3985      93470.4607         61.4888      63461.3689      73181.6591         -7.1230      -1644.5940       -524.1484      -2096.2610      -5123.4231     176233.4890       -149.3395       -509.0996      -2460.2500     -14192.4959      35944.7969        -43.1234      -2451.2289     -10603.8079       1650.7884      50155.3889      -1914.9022     -14627.9071      42784.6765      -3668.6190     -27177.1704     160537.9460        158.2261     202329.3152      32788.1710       1146.9474     -53066.6610     254976.7817       -248.3115       -666.8703     197413.4204     -22330.7946      97683.3992       -499.3650        -62.9263      92616.5054       -160.1263      76881.5741      17316.6958      80106.8268        688.1737      -1786.6852      43946.4248      -4055.2623      18028.5000     170307.1459      -3196.6708     225558.4327      52516.0220     -58853.5209     106732.2231
      3868.2172       2377.0366        707.2103       1056.3611          4.0492          5.5351          6.9138         75.1993          5.5802          8.4729         25.0359         -6.3101          7.3376         19.2729        -81.3938          0.0306        -44.1036        -63.1885         -0.0365          7.5759          2.3924          8.9381          9.0864       -149.3395          0.7450          1.6970          7.4221         21.4641        -27.9022          0.2686         10.5014         18.7329         -0.7952        -41.8388          6.9023         21.8243        -31.9057          6.9625         11.3713       -129.7982         -0.7176       -140.9439        -15.7278         -1.4101         24.6205       -208.2539          0.9250          1.1521       -162.3692         30.9223        -45.2638          0.5849          0.0739        -42.7765          0.2201        -32.2199         -5.3061        -37.8257         -0.9369          1.8438        -20.9404          3.5753         -7.4222        -79.4089          3.8540       -101.3466        -14.6346         27.7830        -31.6482
     15134.9105       8339.7945       2255.5094       3494.3337         16.3047         64.4000         46.5063        321.2933         18.2168         36.8873         99.0304        -20.6776         37.4547         67.5969       -275.2869         -0.0290       -134.7681       -234.8226         -0.6625         24.4621          6.6925         39.0526         31.1126       -509.0996          1.6970          9.1733         33.7273         74.2186        -83.3603          0.8523         24.2593         50.1232         -2.5457       -133.3257         29.7312         70.8752        -95.6438         20.8596         34.3676       -437.8651         -0.4049       -431.8750        -50.6467         -4.9604         77.0560       -781.6776          7.4297          5.5589       -558.8878        109.1431       -147.0230          2.4076          0.2224       -133.6610          0.5559        -95.4730        -16.4468       -123.4501         -2.9047          6.0982        -66.7825         13.3037        -22.5105       -258.2818         14.1678       -318.5317        -45.3610         89.9300        -97.4064
     78819.0094      41541.3606       9943.4843      16007.9993         90.1230        486.4777        334.8643       1852.4972         93.4714        294.3408        572.4648        -89.4961        215.3679        322.7875      -1340.1110         -5.9482       -539.4619      -1205.1840         -2.4376        107.4686         25.5852        166.2838        157.0877      -2460.2500          7.4221         33.7273        203.5676        369.7650       -359.1115          0.4939        118.7571        213.4338        -11.1778       -618.2429        132.2040        331.7305       -388.3105         92.1731        130.0848      -2145.8650         -5.2031      -1810.7325       -222.3577        -27.7390        329.5309      -4079.2019         33.1991         31.0567      -2742.6760        577.2444       -642.8320         13.4097          1.6595       -551.5814          3.5092       -345.6468        -60.4248       -543.9982        -13.4650         41.0729       -279.5568         79.2113        -81.3175      -1129.2335         85.7794      -1307.5488       -159.9813        395.3827       -359.1845
    355360.5662     209882.3409      62851.5215     113322.3199        405.4860       1558.9665        969.6833       8208.6997        538.0012        993.3807       2972.9648       -672.4751       1132.6594       2222.2706      -7522.3487         -8.0070      -4306.7784      -6094.8463          0.0005        247.7023         75.2902        330.1834        666.3803     -14192.4959         21.4641         74.2186        369.7650       1888.6459      -2543.7650          5.1624        358.4447       1286.6328        -86.0236      -3937.0348        281.7315       1898.7876      -2938.8281        444.8400       1151.5736     -12825.1209        -24.3421     -13926.3385      -1710.5396       -157.2847       2648.7255     -21112.6864         33.2028         66.7743     -15877.9631       2921.6000      -4998.5000         58.7136          5.4067      -4645.0592         17.7806      -3391.7101       -577.4121      -4189.7886        -99.3074        151.8218      -2292.5976        366.0263       -795.0687      -8732.1213        454.9756     -10806.5453      -1631.1554       3030.3232      -3459.9023
   -799037.4553    -491425.3701    -188976.7050    -448735.4850       -907.4363      -2117.2263      -1273.0950     -12665.1061      -1352.2956      -1313.5189      -4770.0624       2709.4592      -2395.0557      -7556.8252      19074.2197          6.8491      14563.2693      14795.1528         -2.9205       -273.1990        -87.6307       -328.2144       -913.4157      35944.7969        -27.9022        -83.3603       -359.1115      -2543.7650       8209.4299        -10.8650       -456.2998      -2242.2566        367.6482      10292.8618       -300.5512      -2637.3539       9799.5224       -758.3904      -6377.7134      32794.3455         19.9999      46421.3982       7309.1176        209.8788     -11862.6367      51597.7250        -34.8328       -113.0857      40204.5904      -3903.2371      21820.3112        -82.8149         -5.6576      20713.3119        -22.4794      18799.7338       4110.4592      17845.8703        130.0709       -192.3785       9787.8602       -570.7624       4321.4030      38011.9593       -558.9599      50667.0290      12489.6151     -13115.4500      25086.4226
       898.5279        620.2068        261.0470        367.5980          0.6083         -7.6597         -3.1870          3.5368          1.2142         -3.8251          0.0578         -2.2753         -1.2946          4.5365        -22.8957          0.2670        -17.9509        -15.9102         -0.0168          3.5433          1.3337          4.8266          2.8508        -43.1234          0.2686          0.8523          0.4939          5.1624        -10.8650          0.3240          5.3054          8.2203         -0.2991        -12.9451          3.1734          6.4285        -13.0881          3.1031          5.6845        -36.4140          0.1224        -54.3932         -5.9443         -0.1279          9.7365        -48.8542          0.5680          0.3452        -44.2921          5.7234        -17.2880          0.1124          0.0155        -17.2155          0.0473        -15.7296         -2.6591        -14.0446         -0.1990          0.4238         -8.1858          0.7169         -3.6031        -30.3740         -0.1569        -43.6643         -7.5323         10.5968        -16.2180
     68568.1867      39696.8316      11612.1768      16797.1117         70.9791        203.5111        141.1069       1332.9942         90.2812        144.8999        428.3367        -83.7898         84.7425        290.7906      -1326.6256          0.5256       -669.0406      -1093.0601         -1.1971        143.3288         30.4017        182.7718        164.3593      -2451.2289         10.5014         24.2593        118.7571        358.4447       -456.2998          5.3054        269.5981        338.3473        -12.1484       -676.5478        111.3667        360.7135       -510.4919        130.2792        166.9264      -2167.0853         -6.3605      -2186.9556       -241.7947        -24.8452        369.6066      -3646.6575         14.9783         24.2610      -2693.6673        534.0482       -693.2963          9.2458          1.9207       -638.4006          4.7223       -451.4044        -72.8834       -581.0308        -16.5927         43.7033       -318.2850         75.0861       -101.4350      -1224.3002         61.5128      -1540.8027       -193.8216        431.8245       -443.4438
    253581.0403     153025.6663      53615.6595      95024.6167        283.4412        804.8135        425.8755       5066.1845        397.6845        456.5170       1814.0427       -628.2867        659.1888       1638.9127      -5634.2114         -0.9952      -3809.7538      -4458.6251          0.8209        201.2968         58.6157        247.2137        493.2325     -10603.8079         18.7329         50.1232        213.4338       1286.6328      -2242.2566          8.2203        338.3473       1193.3426        -74.3339      -2993.7686        196.8334       1323.0646      -2609.5047        414.3960       1163.1171      -9584.9268        -12.5589     -12258.9380      -1481.2761        -99.8392       2332.8771     -15399.7201         19.8370         47.5261     -11804.4211       1885.7154      -4349.9905         37.2135          3.2932      -4081.2308         11.8873      -3381.5460       -582.4424      -3602.0941        -65.9893         89.6478      -1978.0318        223.9388       -784.7116      -7579.1007        263.6620      -9754.8594      -1661.3749       2626.8069      -3498.8397
    -35618.2825     -22073.9243      -8339.4248     -23042.8767        -40.3766        -77.6839        -51.8557       -470.5116        -61.8518        -55.3699       -180.6108        120.8055        -86.4522       -382.4314        875.7926          0.3393        659.1881        674.4872         -0.1686         -7.1897         -2.6865         -8.3004        -31.7235       1650.7884         -0.7952         -2.5457        -11.1778        -86.0236        367.6482         -0.2991        -12.1484        -74.3339         19.1185        474.6016         -8.7912        -91.3749        441.9651        -25.7821       -350.5981       1510.3632          0.6080       2097.2945        379.5764          6.6624       -620.5103       2358.3458         -1.0359         -4.4955       1848.1952       -132.7750       1137.0271         -3.3872         -0.5116       1080.3643         -1.2302        948.7609        231.9521        926.6552          3.9066        -14.8888        507.0716        -32.9746        220.3278       1979.9155        -18.5031       2659.6315        707.1691       -683.1206       1417.1139
  -1130481.5545    -697384.6437    -240052.8387    -584700.6075      -1283.5351      -3418.3766      -2165.5421     -19173.2555      -1913.4143      -2366.4965      -7309.9908       3171.0282      -3073.2846     -10057.9906      26594.9204         15.4002      18296.7888      20612.5344         -2.5085       -444.3285       -145.8588       -538.8097      -1411.5097      50155.3889        -41.8388       -133.3257       -618.2429      -3937.0348      10292.8618        -12.9451       -676.5478      -2993.7686        474.6016      14415.4836       -502.0710      -4116.7779      12334.8468      -1032.3824      -7864.9374      45722.5814         47.6892      57999.7789       9424.2827        318.5314     -15318.9178      71853.9175        -55.5230       -181.7172      56193.8385      -6198.7316      28088.0820       -136.3325        -17.5381      26773.4539        -44.3686      22253.6920       5022.4110      23020.7459        192.1887       -498.5295      12687.5407      -1126.2141       5218.8462      48980.0523       -864.4382      65282.6959      15240.1759     -16924.3203      30957.2881
     58416.1464      32115.9641       8065.7086      12385.9729         60.4205        188.4874        173.0273       1159.1748         66.3534        139.2584        327.4883        -66.0681        109.6338        217.1374      -1033.6766         -0.6836       -461.3230       -898.8500         -1.5875        101.1466         34.4790        152.6648        130.4831      -1914.9022          6.9023         29.7312        132.2040        281.7315       -300.5512          3.1734        111.3667        196.8334         -8.7912       -502.0710        131.5974        275.0520       -333.7235         84.2362        119.3323      -1679.5463         -8.2343      -1494.6738       -175.4189        -17.8607        265.8975      -3017.2649         19.9358         24.8034      -2155.8887        441.3634       -509.3803          8.4595          1.1897       -451.2788          2.3499       -311.4854        -54.5539       -428.7671         -9.5035         30.2994       -226.5358         58.1581        -73.2639       -900.6872         50.6140      -1113.3159       -145.6168        315.4417       -326.3382
    358369.3250     215419.8573      64856.7605     119478.2706        406.0495       1459.6480        912.3957       7998.9858        558.3239        979.2216       2958.4320       -703.7847       1095.3678       2266.8043      -7744.7387         -6.5664      -4507.0440      -6179.8421          0.5410        245.3857         79.3556        310.1586        673.4607     -14627.9071         21.8243         70.8752        331.7305       1898.7876      -2637.3539          6.4285        360.7135       1323.0646        -91.3749      -4116.7779        275.0520       1957.8782      -3076.4321        458.7458       1258.0740     -13241.7372        -27.4353     -14465.6688      -1813.7894       -153.1359       2829.9553     -21425.3816         23.7737         64.4368     -16382.4717       2935.3273      -5307.7038         56.4746          6.1374      -4970.1878         19.1726      -3639.7708       -629.4483      -4438.9898       -100.7757        167.5684      -2440.7960        376.6904       -855.7560      -9276.9361        445.6556     -11601.4981      -1779.3903       3220.4032      -3783.2081
   -941785.7605    -584163.6671    -225589.8834    -539056.7164      -1069.2707      -2428.7841      -1442.7304     -14667.3478      -1619.0341      -1518.1696      -5606.4824       3266.5094      -2832.7599      -9053.2471      22700.5150          7.2782      17501.4173      17471.4635         -3.4929       -304.6725       -100.1062       -361.3014      -1048.3917      42784.6765        -31.9057        -95.6438       -388.3105      -2938.8281       9799.5224        -13.0881       -510.4919      -2609.5047        441.9651      12334.8468       -333.7235      -3076.4321      11780.7108       -887.8744      -7706.2822      39042.1513         22.3136      55512.2159       8785.0209        242.3769     -14321.3554      60946.1549        -39.6425       -130.3931      47847.7656      -4506.0526      26237.8145        -94.6381         -6.4149      25022.6648        -25.2928      22722.6871       4980.7902      21448.0982        150.1105       -219.4294      11812.6664       -653.8555       5224.1094      45708.8190       -633.4488      61268.9730      15143.7856     -15769.2948      30403.8754
     89645.3493      53541.5232      18195.4086      32927.4144         98.9828        273.2518        146.8741       1675.2085        136.8464        153.8969        581.8264       -210.0713        167.5115        531.8351      -1953.1241         -0.7049      -1282.0139      -1557.4302          0.0543         81.2587         24.0211        108.2952        181.1190      -3668.6190          6.9625         20.8596         92.1731        444.8400       -758.3904          3.1031        130.2792        414.3960        -25.7821      -1032.3824         84.2362        458.7458       -887.8744        155.0667        420.5177      -3308.0421         -4.5159      -4123.3945       -513.7907        -32.1794        811.0534      -5366.6403         10.8867         20.2250      -4087.4757        646.5032      -1509.1359         13.0423          1.6651      -1410.6059          4.8147      -1179.2820       -207.8923      -1248.0606        -21.4376         41.4887       -683.4240         86.3855       -270.3878      -2630.6080         85.1537      -3398.5682       -586.9175        912.4392      -1236.6685
    575923.6303     360174.1092     143663.2730     419444.1023        646.3017        951.1930        619.8924       6281.9481       1014.2035        666.3754       2419.7623      -2167.1960       1212.5230       6929.1476     -14429.5101         -2.8445     -11509.1353     -11014.6855          2.5555         97.4155         38.9634        107.8986        454.8333     -27177.1704         11.3713         34.3676        130.0848       1151.5736      -6377.7134          5.6845        166.9264       1163.1171       -350.5981      -7864.9374        119.3323       1258.0740      -7706.2822        420.5177       7214.2245     -24891.8780         -6.1541     -36471.5043      -6961.1287        -81.6665      11435.7204     -38524.1605         12.9979         59.7583     -30421.7267       1613.1346     -20885.0120         43.0531          7.5652     -19895.5740         19.9691     -18206.7884      -4715.9121     -16981.6098        -49.0104        217.9594      -9301.2025        437.4130      -4167.0453     -36339.9558        210.1508     -49189.4868     -14239.0566      12526.8445     -28218.2446
  -3658519.4771   -2231099.1315    -764221.8575   -1862082.6838      -4154.1150     -11313.6234      -7338.2076     -62745.0445      -6062.6545      -7713.7448     -23473.0612      10057.6039      -9988.8813     -32034.2345      85137.9074         53.9827      57941.2654      66628.3275        -10.1383      -1417.5889       -469.2601      -1785.0183      -4627.9760     160537.9460       -129.7982       -437.8651      -2145.8650     -12825.1209      32794.3455        -36.4140      -2167.0853      -9584.9268       1510.3632      45722.5814      -1679.5463     -13241.7372      39042.1513      -3308.0421     -24891.8780     146452.5995        152.2148     184731.8214      30000.8620       1040.2504     -48567.9937     232406.5351       -170.3221       -599.2202     180070.5734     -20265.2710      89397.6162       -450.2848        -57.1390      84766.8438       -145.2402      70416.5203      15877.8073      73307.4261        624.3001      -1623.3246      40217.6256      -3691.8598      16512.6369     155865.8203      -2898.4465     206488.4515      48163.4590     -53860.0251      97869.5553
     -3814.5995      -2710.3041       -484.7549       -906.2395         -3.1315         13.0523         -4.8637        -58.8308         -5.6077        -11.8856        -23.1710          3.3192         -6.9939        -13.2999         85.5201          0.0812         33.2497         58.6372         -0.1263         -4.1574         -2.5030          2.0115         -9.4126        158.2261         -0.7176         -0.4049         -5.2031        -24.3421         19.9999          0.1224         -6.3605        -12.5589          0.6080         47.6892         -8.2343        -27.4353         22.3136         -4.5159         -6.1541        152.2148          5.0984        101.2584         11.9782          1.6435        -19.1533        212.7906          5.1962         -0.6309        202.8685        -47.8251         35.0723         -0.2176         -0.0909         33.3089         -0.2029         17.7039          2.8716         31.2700          1.1154         -2.2255         17.4640         -5.1061          4.1992         64.6934         -6.3070         77.2679          7.3200        -23.1846         17.2216
  -4467963.6186   -2753175.9640   -1066808.6871   -2555643.8667      -5088.7841     -11768.2573      -7024.2790     -70240.8214      -7615.4905      -7249.0272     -26608.7905      15454.9895     -13607.7950     -43011.5800     107324.5229         37.2974      82657.6158      83102.5197        -19.5813      -1293.8243       -445.7457      -1550.5422      -4934.9081     202329.3152       -140.9439       -431.8750      -1810.7325     -13926.3385      46421.3982        -54.3932      -2186.9556     -12258.9380       2097.2945      57999.7789      -1494.6738     -14465.6688      55512.2159      -4123.3945     -36471.5043     184731.8214        101.2584     263478.6117      41694.4698       1157.3737     -67718.1369     290129.7670       -183.6214       -601.4456     226352.6024     -21374.6305     124528.3972       -458.1792        -28.9617     118262.1589       -120.7826     107576.1947      23575.2929     101815.8499        717.0343      -1023.1363      55848.5728      -3142.8801      24733.9330     216898.0701      -3093.7034     289309.8982      71693.5526     -74818.9317     143899.1830
   -707917.7368    -438455.1416    -165798.2014    -457655.6513       -802.8499      -1548.7149      -1027.4953      -9386.8995      -1227.9945      -1091.1275      -3595.6916       2400.3682      -1718.1694      -7608.8829      17395.3379          6.7058      13103.3188      13403.7594         -3.3238       -141.9228        -53.7582       -165.6321       -630.4303      32788.1710        -15.7278        -50.6467       -222.3577      -1710.5396       7309.1176         -5.9443       -241.7947      -1481.2761        379.5764       9424.2827       -175.4189      -1813.7894       8785.0209       -513.7907      -6961.1287      30000.8620         11.9782      41694.4698       7539.9430        134.3025     -12322.8835      46868.3042        -20.2769        -89.5327      36712.3960      -2639.6411      22586.4503        -67.2783        -10.0271      21457.3929        -24.2384      18848.4513       4606.7415      18406.3064         78.0372       -292.1248      10071.9598       -653.0629       4377.1733      39323.9065       -368.4485      52817.7614      14047.3749     -13566.8680      28146.0470
    -28705.9024     -16907.5506      -5207.9116      -8987.7772        -34.1709       -161.2023        -89.3722       -788.3044        -44.8213        -88.3243       -293.6658         56.0755       -123.4317       -224.2029        606.9154          1.0021        356.9315        493.0580         -0.0889        -14.6788         -4.5824        -18.8613        -48.7761       1146.9474         -1.4101         -4.9604        -27.7390       -157.2847        209.8788         -0.1279        -24.8452        -99.8392          6.6624        318.5314        -17.8607       -153.1359        242.3769        -32.1794        -81.6665       1040.2504          1.6435       1157.3737        134.3025         17.3693       -203.3426       1716.9893         -1.6983         -4.2610       1284.9512       -244.6813        392.5901         -4.9048         -0.1573        363.3294         -1.2095        266.1245         42.9184        329.5479          9.1643         -6.8770        181.4194        -25.5446         61.6284        682.6620        -40.2872        839.6321        121.3946       -236.0855        247.6930
   1136729.2862     708261.5025     268818.0211     747796.6923       1286.2396       2345.0376       1577.6113      14630.3203       1991.6545       1694.6259       5641.7848      -3912.8603       2711.9203      12378.2094     -28157.1008         -9.9939     -21367.5998     -21569.0617          5.6494        214.9134         81.2366        237.6065        979.3709     -53066.6610         24.6205         77.0560        329.5309       2648.7255     -11862.6367          9.7365        369.6066       2332.8771       -620.5103     -15318.9178        265.8975       2829.9553     -14321.3554        811.0534      11435.7204     -48567.9937        -19.1533     -67718.1369     -12322.8835       -203.3426      20244.0654     -75434.7536         27.9714        141.6344     -59416.8971       4090.3202     -36924.8213        105.2752         16.3361     -35238.2831         38.4491     -30931.4400      -7584.8905     -30079.4567       -118.8853        472.9727     -16524.7540       1040.0641      -7184.7102     -64290.3300        559.6412     -86803.1130     -23134.8533      22179.2185     -46351.0818
  -6004828.5831   -3572584.2354   -1208575.2725   -2917514.6524      -6837.2363     -20820.2717     -13218.5687    -106122.5589      -9597.0439     -13256.9224     -38554.3022      15733.3229     -16463.6961     -50424.7100     135312.1283        108.1741      90368.0944     108217.8673         -1.6785      -2545.0070       -902.8814      -3750.3951      -7853.9160     254976.7817       -208.2539       -781.6776      -4079.2019     -21112.6864      51597.7250        -48.8542      -3646.6575     -15399.7201       2358.3458      71853.9175      -3017.2649     -21425.3816      60946.1549      -5366.6403     -38524.1605     232406.5351        212.7906     290129.7670      46868.3042       1716.9893     -75434.7536     377347.0633       -498.1120      -1092.8877     286223.1523     -33427.3184     139584.4936       -758.3620        -92.7366     131442.3814       -237.0610     108945.1334      24498.3604     114559.6612       1020.7577      -2634.4767      62508.7991      -6038.0400      25548.1923     243378.2122      -4919.1462     319729.0611      74235.7368     -84100.1431     150946.3139
     13231.7692       5284.5212       1355.6351       1534.7216         17.2048        184.6647         70.8993        351.4613         12.7405         56.4952        104.0442        -11.7686         34.5817         44.0504       -144.9948         -0.5365        -49.0149       -160.4496         -2.6906         32.9519          3.9591         62.7195         18.0430       -248.3115          0.9250          7.4297         33.1991         33.2028        -34.8328          0.5680         14.9783         19.8370         -1.0359        -55.5230         19.9358         23.7737        -39.6425         10.8867         12.9979       -170.3221          5.1962       -183.6214        -20.2769         -1.6983         27.9714       -498.1120         46.7144         10.1157       -237.3177         41.7998        -56.5079          2.6201          0.0892        -50.7215          0.2250        -34.8020         -6.9812        -45.3635         -0.8714          2.9535        -23.6891          5.1688         -8.3977        -99.7187          2.7194       -125.2184        -18.9850         34.1738        -41.4723
     19885.5843      10570.5193       2856.2950       5854.2468         21.5407        102.3827         63.4639        353.0579         25.5999         57.9427        110.1009        -31.2645         36.9339         83.3523       -358.9906         -0.5368       -187.0068       -316.8198         -0.5923         22.7049          7.5268         40.1779         34.2572       -666.8703          1.1521          5.5589         31.0567         66.7743       -113.0857          0.3452         24.2610         47.5261         -4.4955       -181.7172         24.8034         64.4368       -130.3931         20.2250         59.7583       -599.2202         -0.6309       -601.4456        -89.5327         -4.2610        141.6344      -1092.8877         10.1157         10.4452       -758.6154        117.5621       -264.9560          3.1715          0.4115       -244.0066          0.6005       -182.2701        -37.8718       -216.5309         -1.5118         11.1437       -116.5512         20.6622        -44.4128       -465.2872          9.3266       -614.6603       -110.0461        161.5865       -229.6114
  -4521333.2466   -2752506.3979    -938146.9559   -2280563.3070      -5126.7114     -14134.7854      -9180.7841     -77744.9332      -7456.6065      -9613.6314     -29012.5782      12321.7888     -12334.0619     -39257.7945     104708.5471         71.1444      71001.1030      82051.8852         -8.2836      -1814.4816       -598.7578      -2301.7606      -5755.1238     197413.4204       -162.3692       -558.8878      -2742.6760     -15877.9631      40204.5904        -44.2921      -2693.6673     -11804.4211       1848.1952      56193.8385      -2155.8887     -16382.4717      47847.7656      -4087.4757     -30421.7267     180070.5734        202.8685     226352.6024      36712.3960       1284.9512     -59416.8971     286223.1523       -237.3177       -758.6154     221703.7667     -25176.9059     109392.3471       -555.2749        -70.4733     103702.3014       -178.5536      86067.9691      19395.2547      89718.5392        770.7730      -2001.5202      49216.5645      -4548.7885      20183.9858     190753.0639      -3582.8873     252625.3892      58813.1347     -65919.2917     119526.5008
    564163.6896     332300.0602      96585.4384     175394.5187        639.9121       2503.3128       1581.9521      12886.8954        846.0824       1619.3060       4661.5363      -1018.7886       1777.2816       3344.1483     -11830.7493        -14.0317      -6619.0396      -9615.9094         -0.5801        374.1732        116.4333        494.4503       1028.6576     -22330.7946         30.9223        109.1431        577.2444       2921.6000      -3903.2371          5.7234        534.0482       1885.7154       -132.7750      -6198.7316        441.3634       2935.3273      -4506.0526        646.5032       1613.1346     -20265.2710        -47.8251     -21374.6305      -2639.6411       -244.6813       4090.3202     -33427.3184         41.7998        117.5621     -25176.9059       4730.8286      -7720.6060         92.2338          8.0194      -7174.7400         25.1917      -5113.2119       -892.9179      -6478.9025       -152.1821        232.3603      -3542.2736        576.8612      -1213.0647     -13498.9222        716.3697     -16695.4056      -2505.8730       4684.6905      -5301.5303
  -2105547.8799   -1304752.8247    -494541.5354   -1370281.0398      -2386.9773      -4538.2534      -3018.3140     -27610.6489      -3657.4300      -3202.1081     -10587.2114       7176.9696      -5087.5410     -22741.0639      51823.7466         19.8185      39145.6724      39913.1400        -10.0039       -406.4777       -156.5686       -472.4579      -1846.4756      97683.3992        -45.2638       -147.0230       -642.8320      -4998.5000      21820.3112        -17.2880       -693.2963      -4349.9905       1137.0271      28088.0820       -509.3803      -5307.7038      26237.8145      -1509.1359     -20885.0120      89397.6162         35.0723     124528.3972      22586.4503        392.5901     -36924.8213     139584.4936        -56.5079       -264.9560     109392.3471      -7720.6060      67681.1851       -193.7674        -29.4107      64304.5871        -70.6629      56536.9449      13840.9985      55146.3276        226.5534       -861.3689      30175.3665      -1931.8078      13132.2018     117835.9112      -1071.4259     158353.2547      42224.2404     -40650.8503      84584.1554
     12634.3207       7297.6148       2052.8988       4374.0294         14.8107         65.3337         44.6006        295.6803         19.1410         44.7344        109.0400        -22.8997         43.5257         85.7679       -264.9736         -0.3609       -139.5064       -219.3290         -0.0919          7.9615          2.0919         12.4575         20.6227       -499.3650          0.5849          2.4076         13.4097         58.7136        -82.8149          0.1124          9.2458         37.2135         -3.3872       -136.3325          8.4595         56.4746        -94.6381         13.0423         43.0531       -450.2848         -0.2176       -458.1792        -67.2783         -4.9048        105.2752       -758.3620          2.6201          3.1715       -555.2749         92.2338       -193.7674          6.7662          0.4219       -176.9274          0.7905       -116.6950        -23.4575       -160.7847         -2.5522         11.0953        -87.6459         23.2088        -28.6647       -339.0338         15.3458       -423.0731        -60.6647        118.2685       -143.5486
      1484.7834        887.4147        135.0657        641.1493          1.6509          5.0415          4.5044         22.1761          2.3845          6.0461          7.7342         -0.3780         -4.0979         11.6691        -33.3601         -0.0653         -8.8412        -26.6838          0.0088          1.0802          0.2452          1.2760          2.8715        -62.9263          0.0739          0.2224          1.6595          5.4067         -5.6576          0.0155          1.9207          3.2932         -0.5116        -17.5381          1.1897          6.1374         -6.4149          1.6651          7.5652        -57.1390         -0.0909        -28.9617        -10.0271         -0.1573         16.3361        -92.7366          0.0892          0.4115        -70.4733          8.0194        -29.4107          0.4219          0.2292        -27.2325          0.3974         -8.5817         -3.4166        -23.7729         -0.0790          4.7775        -12.6195          5.7900         -2.7038        -50.8869          0.7937        -67.2688         -9.0694         18.0588        -22.4167
  -1981114.9867   -1236605.8490    -469583.3495   -1302464.3505      -2242.6427      -4141.9647      -2747.1636     -25750.2898      -3484.1125      -2978.0853      -9993.7474       6831.7879      -4805.5600     -21665.4273      49136.8411         16.3179      37336.4453      37582.5585         -9.6418       -370.6705       -140.5970       -402.5069      -1700.6283      92616.5054        -42.7765       -133.6610       -551.5814      -4645.0592      20713.3119        -17.2155       -638.4006      -4081.2308       1080.3643      26773.4539       -451.2788      -4970.1878      25022.6648      -1410.6059     -19895.5740      84766.8438         33.3089     118262.1589      21457.3929        363.3294     -35238.2831     131442.3814        -50.7215       -244.0066     103702.3014      -7174.7400      64304.5871       -176.9274        -27.2325      61421.5940        -65.8712      53910.4325      13204.0574      52386.8113        211.6693       -796.6406      28798.5651      -1782.8754      12520.8364     111972.3937       -974.6094     151270.2383      40293.0235     -38624.2020      80687.4985
      3849.5224       2290.5452        545.4229       1574.0401          4.4398         17.0765         12.6418         87.9947          6.1584         16.0979         32.1045         -5.7144          2.0196         41.5243        -84.8194         -0.1269        -36.0389        -68.1890          0.0209          2.4724          0.5864          2.7845          7.2449       -160.1263          0.2201          0.5559          3.5092         17.7806        -22.4794          0.0473          4.7223         11.8873         -1.2302        -44.3686          2.3499         19.1726        -25.2928          4.8147         19.9691       -145.2402         -0.2029       -120.7826        -24.2384         -1.2095         38.4491       -237.0610          0.2250          0.6005       -178.5536         25.1917        -70.6629          0.7905          0.3974        -65.8712          0.9768        -36.5853         -9.0628        -57.8311         -0.8330          8.2976        -31.1185         10.2800         -7.9713       -122.0903          3.9394       -154.3942        -22.9242         42.9299        -46.6272
  -1628726.5235   -1018947.5815    -423644.1096   -1138201.2144      -1838.6814      -2951.2210      -1961.2901     -19124.0898      -2878.1176      -2047.5391      -7470.2322       6706.3281      -4377.8293     -18444.2372      40803.3454          8.0189      33955.6024      31138.2375         -7.9179       -249.8077       -102.7935       -261.0478      -1248.2640      76881.5741        -32.2199        -95.4730       -345.6468      -3391.7101      18799.7338        -15.7296       -451.4044      -3381.5460        948.7609      22253.6920       -311.4854      -3639.7708      22722.6871      -1179.2820     -18206.7884      70416.5203         17.7039     107576.1947      18848.4513        266.1245     -30931.4400     108945.1334        -34.8020       -182.2701      86067.9691      -5113.2119      56536.9449       -116.6950         -8.5817      53910.4325        -36.5853      51580.7825      12146.7921      46016.7297        162.1980       -314.5413      25241.5494       -922.0015      11676.3377      98436.7235       -689.4550     133092.8673      36988.8458     -33920.3179      73352.9657
   -363434.7993    -227985.9340     -92182.0400    -276616.3073       -407.4932       -539.9491       -351.5757      -3603.2412       -645.9599       -377.2242      -1407.9904       1408.8637       -738.2818      -4525.8222       9197.9820          1.5253       7451.2329       6998.9120         -1.3459        -42.1887        -18.0164        -45.1636       -222.2948      17316.6958         -5.3061        -16.4468        -60.4248       -577.4121       4110.4592         -2.6591        -72.8834       -582.4424        231.9521       5022.4110        -54.5539       -629.4483       4980.7902       -207.8923      -4715.9121      15877.8073          2.8716      23575.2929       4606.7415         42.9184      -7584.8905      24498.3604         -6.9812        -37.8718      19395.2547       -892.9179      13840.9985        -23.4575         -3.4166      13204.0574         -9.0628      12146.7921       3220.6568      11248.8900         23.9607       -111.0098       6163.3660       -250.7176       2784.1726      24088.4498       -108.9164      32690.9280       9734.0568      -8298.0895      19205.3111
  -1730651.0582   -1071474.6094    -404844.1888   -1117590.7634      -1961.7204      -3786.3778      -2516.1182     -22954.1771      -2999.0384      -2665.9040      -8791.7176       5857.0474      -4213.8985     -18559.5166      42495.6999         16.7192      31996.0888      32759.1318         -8.2814       -343.4491       -131.8927       -401.7195      -1541.9664      80106.8268        -37.8257       -123.4501       -543.9982      -4189.7886      17845.8703        -14.0446       -581.0308      -3602.0941        926.6552      23020.7459       -428.7671      -4438.9898      21448.0982      -1248.0606     -16981.6098      73307.4261         31.2700     101815.8499      18406.3064        329.5479     -30079.4567     114559.6612        -45.3635       -216.5309      89718.5392      -6478.9025      55146.3276       -160.7847        -23.7729      52386.8113        -57.8311      46016.7297      11248.8900      44951.6266        192.5168       -700.6170      24597.6608      -1587.0483      10688.4481      96032.1243       -910.0356     128946.1217      34313.6295     -33130.0227      68749.7510
    -17090.0955     -10156.3301      -3218.1871      -5253.8265        -20.0033        -87.8331        -48.2593       -449.4367        -26.6180        -49.9184       -169.6068         35.0927        -70.9874       -119.4966        363.5403          0.3441        220.0259        293.5109         -0.0589         -9.6149         -3.0689        -12.0089        -31.8025        688.1737         -0.9369         -2.9047        -13.4650        -99.3074        130.0709         -0.1990        -16.5927        -65.9893          3.9066        192.1887         -9.5035       -100.7757        150.1105        -21.4376        -49.0104        624.3001          1.1154        717.0343         78.0372          9.1643       -118.8853       1020.7577         -0.8714         -1.5118        770.7730       -152.1821        226.5534         -2.5522         -0.0790        211.6693         -0.8330        162.1980         23.9607        192.5168          6.8453         -3.1283        107.1949        -12.8550         37.1625        397.6615        -25.9701        474.1458         64.7690       -137.4150        135.8570
     41920.1605      25052.8200       4570.0364      18609.6810         46.8664        136.4746        112.2672        656.3784         67.2263        142.7628        229.0867        -17.5150        -62.4073        332.7144       -947.0339         -1.5812       -312.8440       -757.7018          0.2552         26.5818          7.0187         33.0298         72.9819      -1786.6852          1.8438          6.0982         41.0729        151.8218       -192.3785          0.4238         43.7033         89.6478        -14.8888       -498.5295         30.2994        167.5684       -219.4294         41.4887        217.9594      -1623.3246         -2.2255      -1023.1363       -292.1248         -6.8770        472.9727      -2634.4767          2.9535         11.1437      -2001.5202        232.3603       -861.3689         11.0953          4.7775       -796.6406          8.2976       -314.5413       -111.0098       -700.6170         -3.1283        111.1424       -374.1045        145.6696        -90.2382      -1496.8288         24.6778      -1973.9206       -306.9693        527.5560       -704.6643
   -944826.2631    -588284.1326    -222282.3436    -612244.3117      -1069.7862      -2048.9521      -1348.2858     -12565.3257      -1652.8723      -1450.5581      -4861.9400       3216.5138      -2326.9227     -10207.4521      23312.4180          8.2082      17620.8418      17875.4384         -4.4632       -187.4516        -71.4752       -211.9704       -836.1198      43946.4248        -20.9404        -66.7825       -279.5568      -2292.5976       9787.8602         -8.1858       -318.2850      -1978.0318        507.0716      12687.5407       -226.5358      -2440.7960      11812.6664       -683.4240      -9301.2025      40217.6256         17.4640      55848.5728      10071.9598        181.4194     -16524.7540      62508.7991        -23.6891       -116.5512      49216.5645      -3542.2736      30175.3665        -87.6459        -12.6195      28798.5651        -31.1185      25241.5494       6163.3660      24597.6608        107.1949       -374.1045      13522.2177       -853.7852       5863.5199      52558.6671       -491.1350      70886.9480      18802.9952     -18130.8976      37665.1440
     96038.2129      56908.0741      13612.9779      41632.8402        108.8931        339.7208        250.3815       1728.3814        151.7242        285.3689        618.9853       -106.1153         88.3727        741.8666      -2147.0856         -2.7479       -953.3985      -1733.4933          0.4685         47.9060         15.3051         64.6934        147.2942      -4055.2623          3.5753         13.3037         79.2113        366.0263       -570.7624          0.7169         75.0861        223.9388        -32.9746      -1126.2141         58.1581        376.6904       -653.8555         86.3855        437.4130      -3691.8598         -5.1061      -3142.8801       -653.0629        -25.5446       1040.0641      -6038.0400          5.1688         20.6622      -4548.7885        576.8612      -1931.8078         23.2088          5.7900      -1782.8754         10.2800       -922.0015       -250.7176      -1587.0483        -12.8550        145.6696       -853.7852        266.0736       -244.0254      -3371.9644         81.1923      -4365.1936       -756.5518       1177.8568      -1686.7826
   -381881.7744    -238905.9054     -97405.0945    -264411.0880       -430.8586       -686.1252       -443.6146      -4457.4970       -674.7106       -463.4956      -1741.4173       1501.6065       -977.6945      -4242.4026       9568.2856          1.9887       7807.1060       7302.1188         -1.8572        -58.3428        -24.4267        -61.5654       -294.6244      18028.5000         -7.4222        -22.5105        -81.3175       -795.0687       4321.4030         -3.6031       -101.4350       -784.7116        220.3278       5218.8462        -73.2639       -855.7560       5224.1094       -270.3878      -4167.0453      16512.6369          4.1992      24733.9330       4377.1733         61.6284      -7184.7102      25548.1923         -8.3977        -44.4128      20183.9858      -1213.0647      13132.2018        -28.6647         -2.7038      12520.8364         -7.9713      11676.3377       2784.1726      10688.4481         37.1625        -90.2382       5863.5199       -244.0254       2689.7369      22867.9706       -159.9666      30915.6912       8497.5961      -7881.4144      16942.3190
  -3673933.5745   -2276434.5887    -861711.9814   -2386866.4481      -4162.1526      -7945.3368      -5290.0122     -48165.4660      -6378.8650      -5619.4860     -18484.8925      12498.1615      -8893.8458     -39551.6397      90354.0730         34.4560      68189.1116      69595.6352        -17.1679       -727.0720       -278.8078       -849.1236      -3232.0161     170307.1459        -79.4089       -258.2818      -1129.2335      -8732.1213      38011.9593        -30.3740      -1224.3002      -7579.1007       1979.9155      48980.0523       -900.6872      -9276.9361      45708.8190      -2630.6080     -36339.9558     155865.8203         64.6934     216898.0701      39323.9065        682.6620     -64290.3300     243378.2122        -99.7187       -465.2872     190753.0639     -13498.9222     117835.9112       -339.0338        -50.8869     111972.3937       -122.0903      98436.7235      24088.4498      96032.1243        397.6615      -1496.8288      52558.6671      -3371.9644      22867.9706     205236.2570      -1866.0495     275814.4124      73502.0573     -70804.7715     147289.9659
     82472.8741      47289.4826      13977.7645      24837.7996         96.6043        433.1811        269.1895       2124.6490        120.2700        263.7269        771.8940       -151.2945        333.7309        549.1161      -1690.2333         -3.1220       -934.0057      -1412.8302          0.1347         41.3620         12.6853         56.4673        146.8396      -3196.6708          3.8540         14.1678         85.7794        454.9756       -558.9599         -0.1569         61.5128        263.6620        -18.5031       -864.4382         50.6140        445.6556       -633.4488         85.1537        210.1508      -2898.4465         -6.3070      -3093.7034       -368.4485        -40.2872        559.6412      -4919.1462          2.7194          9.3266      -3582.8873        716.3697      -1071.4259         15.3458          0.7937       -974.6094          3.9394       -689.4550       -108.9164       -910.0356        -25.9701         24.6778       -491.1350         81.1923       -159.9666      -1866.0495        139.8385      -2147.5384       -310.1218        647.7041       -644.0016
  -4809480.0950   -3006345.2348   -1146553.3637   -3203338.9730      -5434.9665      -9659.1501      -6438.6674     -60616.0520      -8483.3548      -6982.5643     -23526.6695      16753.0700     -11375.0368     -52916.4266     119684.4726         38.0226      91423.0167      91413.8323        -23.8898       -897.8416       -345.4538       -978.7077      -4029.2485     225558.4327       -101.3466       -318.5317      -1307.5488     -10806.5453      50667.0290        -43.6643      -1540.8027      -9754.8594       2659.6315      65282.6959      -1113.3159     -11601.4981      61268.9730      -3398.5682     -49189.4868     206488.4515         77.2679     289309.8982      52817.7614        839.6321     -86803.1130     319729.0611       -125.2184       -614.6603     252625.3892     -16695.4056     158353.2547       -423.0731        -67.2688     151270.2383       -154.3942     133092.8673      32690.9280     128946.1217        474.1458      -1973.9206      70886.9480      -4365.1936      30915.6912     275814.4124      -2147.5384     373498.4129      99796.5582     -95144.5042     199910.6574
  -1098052.9434    -689579.1402    -279676.2675    -842816.5254      -1231.3970      -1567.1908      -1027.5659     -10591.3983      -1958.3843      -1106.5297      -4158.3271       4284.7168      -2225.8564     -13715.7482      27896.4001          4.2263      22662.8222      21204.4217         -4.0478       -109.5499        -48.9051       -113.8880       -618.9508      52516.0220        -14.6346        -45.3610       -159.9813      -1631.1554      12489.6151         -7.5323       -193.8216      -1661.3749        707.1691      15240.1759       -145.6168      -1779.3903      15143.7856       -586.9175     -14239.0566      48163.4590          7.3200      71693.5526      14047.3749        121.3946     -23134.8533      74235.7368        -18.9850       -110.0461      58813.1347      -2505.8730      42224.2404        -60.6647         -9.0694      40293.0235        -22.9242      36988.8458       9734.0568      34313.6295         64.7690       -306.9693      18802.9952       -756.5518       8497.5961      73502.0573       -310.1218      99796.5582      29865.0944     -25315.1472      58777.3104
   1269935.4231     786909.5229     297360.7812     823700.6050       1438.1451       2747.3914       1837.4070      16641.3956       2204.3102       1956.3118       6388.9772      -4309.4447       3065.6969      13631.2716     -31222.8984        -12.1750     -23521.2765     -24049.6720          5.9245        255.7650         96.4287        296.2464       1123.4076     -58853.5209         27.7830         89.9300        395.3827       3030.3232     -13115.4500         10.5968        431.8245       2626.8069       -683.1206     -16924.3203        315.4417       3220.4032     -15769.2948        912.4392      12526.8445     -53860.0251        -23.1846     -74818.9317     -13566.8680       -236.0855      22179.2185     -84100.1431         34.1738        161.5865     -65919.2917       4684.6905     -40650.8503        118.2685         18.0588     -38624.2020         42.9299     -33920.3179      -8298.0895     -33130.0227       -137.4150        527.5560     -18130.8976       1177.8568      -7881.4144     -70804.7715        647.7041     -95144.5042     -25315.1472      24430.1587     -50751.4660
  -2235384.0493   -1402956.5882    -561989.7390   -1690135.4398      -2503.8868      -3199.9186      -2155.6509     -21242.1015      -3978.3226      -2328.8435      -8341.5460       8516.6156      -4401.8479     -26870.9916      56690.7258          9.6081      45478.8889      43121.8501         -8.7266       -254.1025       -107.2888       -266.6282      -1345.5789     106732.2231        -31.6482        -97.4064       -359.1845      -3459.9023      25086.4226        -16.2180       -443.4438      -3498.8397       1417.1139      30957.2881       -326.3382      -3783.2081      30403.8754      -1236.6685     -28218.2446      97869.5553         17.2216     143899.1830      28146.0470        247.6930     -46351.0818     150946.3139        -41.4723       -229.6114     119526.5008      -5301.5303      84584.1554       -143.5486        -22.4167      80687.4985        -46.6272      73352.9657      19205.3111      68749.7510        135.8570       -704.6643      37665.1440      -1686.7826      16942.3190     147289.9659       -644.0016     199910.6574      58777.3104     -50751.4660     117444.5588
