   24.880   24.890
    3.711    3.070
   24.880   24.890
   28.650   29.521
    3.711    3.070
   16.391   16.800
    5.098    3.136
   10.640    9.195
   14.849   14.549
   25.870   26.330
    4.573    3.616
    4.492    2.950
   10.970    9.921
    5.639    3.637
    3.103    2.921
   14.380   14.040
   15.570   17.638
    4.476    4.363
   14.631   13.561
   13.470   14.441
   23.870   25.100
   15.879   17.711
   17.120   15.581
   24.759   23.811
   29.299   28.799
   23.469   24.911
   10.771    9.749
    5.500    6.763
    7.834    9.772
   30.050   30.890
    7.443    5.313
   30.050   30.887
    3.515    9.534
    7.443    5.313
   14.290   18.871
   21.709   26.542
   28.340   29.620
   14.611   12.921
   18.449    8.584
    2.716    0.987
   11.082   11.189
   31.429   31.471
   31.432   31.472
   13.719   15.900
   11.261    9.577
    4.381    4.359
   31.372   32.939
   19.221   17.571
   15.770   27.030
   11.990    8.238
    6.599    5.404
   22.711    7.505
   39.327   38.707
   11.100    7.269
   12.850    5.713
   15.558   20.371
   12.880   47.590
    0.770    0.800
    1.553    5.987
    1.512    0.220
    2.194    2.662
    0.094    0.511
    1.957    2.137
    0.768    0.947
    0.370    0.311
    0.618    0.648
   18.457   20.446
   12.576   11.041
    2.038    2.189
    0.604    2.027
   12.247   11.250
   13.988   13.258
    9.589   11.315
   30.040   31.090
   15.719   15.579
   30.042   31.089
    2.125    0.273
   15.719   15.580
   22.110   25.505
   22.372   25.179
    8.071    0.399
    0.991    0.750
    3.231    4.893
    5.847    4.523
   10.931   10.831
   21.060   19.891
   25.160   27.962
    2.573    6.879
    4.211    1.377
    1.494   10.209
   50.036   49.827
    6.418   13.431
    3.855    8.929
   31.321   31.060
    4.197    2.992
    3.284    3.493
   28.550   29.490
    3.366    2.851
    8.443    7.780
   32.890   34.387
   18.879   20.121
   50.468   52.034
    3.555    0.903
    1.530    2.739
   11.336   11.014
   15.610   17.046
   15.645   16.537
    2.627    1.546
    2.632    3.099
    0.170    2.500
    6.371    6.978
   14.163   17.580
    3.178    0.586
    2.891    2.266
    0.183    0.056
    0.152    0.001
    0.030    0.323
    0.073    0.129
   29.380   30.320
    2.016    1.720
   29.377   30.323
    1.552    1.743
    2.016    1.720
    2.204    1.930
    1.437    1.188
    0.864    0.960
   12.749   11.680
    0.364    0.936
   11.130   11.270
    5.626    4.842
   21.489   23.360
    9.689    9.600
   18.149   25.080
   33.409   34.911
   14.721   13.282
   22.450   24.160
    7.835    8.062
   34.920   37.329
   18.989   19.430
    3.314    3.891
   16.728   19.571
    5.807   13.950
   10.129    7.246
   29.650   31.140
   13.061   13.000
   29.648   31.137
   35.076   35.280
    8.972   10.668
   33.300   32.610
   23.829   23.349
   13.059   13.000
    3.642    3.558
    3.943    5.132
   40.423   40.700
   48.056   49.993
    0.407    4.256
   19.850   23.639
    9.145    9.495
   47.615   50.658
    8.858    5.209
    3.043    5.768
   10.480    8.565
   19.841   23.910
    1.104    0.671
   12.767   13.266
    1.280    2.628
    0.984    2.349
    0.759    1.869
   34.453   35.285
    2.423    2.023
   34.460   35.277
   13.022    9.841
   46.938   48.596
   25.300   26.171
    7.937    8.691
   34.340   34.870
    2.423    2.023
   36.490   37.108
   15.911   17.260
   14.209   12.969
   23.039   21.119
   41.252   41.283
   43.863   46.145
   38.322   40.498
    8.919   10.050
    7.863    9.794
   35.648   42.754
    8.488    1.833
   46.630   41.720
   14.001   14.611
    6.912    2.823
   44.534   45.536
    6.074    4.006
   21.010   20.590
   16.610   16.931
   37.450   39.192
   35.693   33.697
   10.531   12.321
   21.430   20.980
   17.301   19.150
   25.330   20.670
   16.440   14.829
   13.192   16.201
   39.941   40.889
    5.464    7.342
   24.260   24.649
   11.770   12.180
    4.093    5.590
   23.184   21.280
   14.349   18.411
   16.190   20.251
    8.325    2.630
   33.971   34.234
    2.811    2.649
   33.971   34.227
   12.770   16.111
    7.981    8.696
    2.811    2.649
   35.651   36.132
   14.849   14.170
    6.238    7.266
   19.191   21.279
   36.880   38.803
   37.991   38.060
   49.975   49.689
   11.190   12.810
   31.699   31.789
    5.592    8.247
   13.640   13.940
    4.165    4.844
   19.849   17.490
   22.771   25.875
   13.840   15.620
   19.529   21.741
   14.200   11.939
   30.010   29.279
   27.801   28.930
   21.263   20.538
    3.955    2.683
   21.943   26.308
    3.087    0.887
   18.950   21.031
   25.330   24.320
    0.809    0.719
    0.113    0.055
    0.043    0.255
    3.060    5.132
    1.965    0.529
   16.395   20.662
   17.446   11.292
    3.832    4.319
    0.445    0.080
    0.580    0.758
   15.479   16.198
    6.064    4.857
    4.812    4.344
   27.731   27.530
    3.918    5.092
   27.731   27.532
   38.148   38.372
   38.866   38.850
   28.369   28.369
    6.715    8.016
   32.598   32.133
    3.788    3.717
    0.018    1.174
   14.001   14.110
   27.420   28.740
   14.668   15.282
   20.249   20.830
   11.819   10.151
   33.994   34.376
   17.490   15.869
    3.918    5.092
   20.340   19.400
    8.322    7.228
   27.230   27.532
   20.371   22.661
   31.300   29.620
   12.819   13.169
   19.821   20.281
    0.060    0.149
    6.570    6.228
   32.701   32.909
    0.468    0.014
   11.690   11.820
    4.234    5.565
   19.630   18.970
    2.947    3.669
    9.061   11.169
    0.989    2.623
   19.279   17.310
   18.529   22.041
    6.503    4.645
    9.747    9.505
   13.262   14.752
    1.927    0.757
    0.808    1.080
    0.860    1.184
    9.065    6.046
    7.800    4.889
    8.632    7.606
    8.764    9.037
    5.016    5.224
   29.140   30.254
   14.409   14.731
    0.123    0.650
    0.111    0.133
    8.239    9.358
    9.736   11.841
   22.240   21.530
    1.843    1.663
    0.885    0.970
    2.366    2.763
   12.470   12.530
   10.131   16.170
   26.171   22.749
