  123.900  123.400    0.500  80    1.468   0.000   2  0   0  0   1  1   
   96.830   87.300    9.530  80    1.890   1.468   4  2   0  0   1  1   
  190.800  187.600    3.200  82    1.530   0.000   2  0   0  0   1  1   
   10.100    0.077   10.023  82    2.214   1.530   4  2   0  0   1  1   
    4.353    4.874   -0.521  82    2.748   1.530   3  2   0  0   1  1   
  163.700   73.290   90.410  82    2.748   2.214   3  4   0  0   1  1   
   47.540    6.002   41.538  82    3.619   2.214   6  4   0  0   1  1   
  165.700  139.100   26.600  82    5.843   5.454   4  3   1  1   1  1   
  198.100  197.400    0.700  84    1.678   0.000   2  0   0  0   1  1   
   10.190   13.350   -3.160  84    2.281   1.678   4  2   0  0   1  1   
    2.714    2.792   -0.078  84    2.551   1.678   3  2   0  0   1  1   
  155.000  162.900   -7.900  84    2.551   2.281   3  4   0  0   1  1   
    0.640    1.862   -1.222  84    7.265   6.518   0  9   1  1   1  1   
   35.850   31.720    4.130  84    7.265   6.562   0  8   1  1   1  1   
   39.210   39.030    0.180  84    8.037   6.518   1  9   1  1   1  1   
    0.952    0.705    0.247  84    8.037   7.265   1  0   1  1   1  1   
    0.007    0.010   -0.002  84    8.387   3.746   8  6   0  0   1  1   
    0.001    0.000    0.001  84    8.387   6.268   8  7   0  0   1  1   
  191.000  144.300   46.700  84    9.296   8.387   0  8   0  0   1  1   
  193.300  197.400   -4.100  86    1.579   0.000   2  0   0  0   1  1   
    0.008    0.024   -0.015  86    2.293   1.579   4  2   0  0   1  1   
    0.015    0.179   -0.164  86    2.892   1.579   1  2   0  0   1  1   
    0.689    0.318    0.371  86    4.524   3.911   6  5   1  1   1  1   
    0.938    0.850    0.089  86    4.524   4.450   6  4   1  1   1  1   
   26.990   19.020    7.970  86    4.673   3.911   7  5   1  1   1  1   
  180.500  169.700   10.800  86    4.673   4.524   7  6   1  1   1  1   
   65.780   60.460    5.320  86    5.663   4.524   8  6   1  1   1  1   
   55.400   43.420   11.980  86    5.663   4.673   8  7   1  1   1  1   
  107.100   87.440   19.660  86    5.933   4.673   9  7   1  1   1  1   
  186.000  192.300   -6.300  86    5.933   5.663   9  8   1  1   1  1   
    0.001    0.001    0.000  86    6.480   5.078   8  6   0  0   1  1   
   33.850   19.400   14.450  86    7.589   6.480   9  8   0  0   1  1   
  183.900  183.300    0.600  88    1.792   0.000   2  0   0  0   1  1   
    0.132    0.246   -0.115  88    3.383   1.792   3  2   0  0   1  1   
    0.292    0.508   -0.215  88    3.479   1.792   1  2   0  0   1  1   
    7.815    5.832    1.983  88    3.479   3.383   1  3   0  0   1  1   
   49.610   40.590    9.020  88    3.525   2.698   5  3   1  1   1  1   
   10.240    6.136    4.104  88    3.884   2.698   4  3   1  1   1  1   
   69.890   79.740   -9.850  88    3.884   3.525   4  5   1  1   1  1   
   93.750  128.400  -34.650  88    4.068   3.525   6  5   1  1   1  1   
   13.570   19.060   -5.490  88    4.068   3.884   6  4   1  1   1  1   
   13.220    8.042    5.178  88    7.701   6.719   1  9   0  0   1  1   
   39.030   30.070    8.960  88    7.701   7.013   1  0   0  0   1  1   
    0.087    0.266   -0.179  88    9.102   6.313   1  9   1  1   1  1   
  116.700  117.900   -1.200  90    2.199   0.000   2  0   0  0   1  1   
   15.160   15.050    0.110  90    2.678   2.275   4  5   1  1   1  1   
   82.700   76.030    6.670  90    2.753   2.275   3  5   1  1   1  1   
    0.092    0.694   -0.602  90    2.753   2.678   3  4   1  1   1  1   
  297.000  297.900   -0.900  90    3.070   2.199   4  2   0  0   1  1 * 
  181.700  182.000   -0.300  90    3.378   3.070   6  4   0  0   1  1   
   81.970   82.280   -0.310  90    3.500   3.378   8  6   0  0   1  1   
    6.299    7.385   -1.086  90    4.061   2.199   3  2   0  0   1  1   
   47.680   50.380   -2.700  90    4.061   3.070   3  4   0  0   1  1   
   33.700   37.370   -3.670  90    4.062   2.275   6  5   1  1   1  1   
    7.385    6.384    1.001  90    4.062   2.678   6  4   1  1   1  1   
   50.750   50.010    0.740  90    4.064   2.275   7  5   1  1   1  1   
  129.400  136.300   -6.900  90    4.064   4.062   7  6   1  1   1  1   
    4.348    4.883   -0.535  90    4.372   3.070   5  4   0  0   1  1   
  120.800  121.100   -0.300  90    4.372   3.378   5  6   0  0   1  1   
   43.280   46.230   -2.950  90    4.372   4.061   5  3   0  0   1  1   
  193.900  193.400    0.500  92    1.556   0.000   2  0   0  0   1  1   
  138.300  138.800   -0.500  92    2.280   1.556   4  2   0  0   1  1   
   81.800   82.350   -0.550  92    2.548   2.280   6  4   0  0   1  1   
   32.070   32.510   -0.440  92    2.661   2.548   8  6   0  0   1  1   
  199.900  182.900   17.000  92    2.850   2.453   3  5   1  1   1  1   
   24.870   22.250    2.620  92    2.921   2.453   4  5   1  1   1  1   
    1.159    0.012    1.147  92    2.921   2.850   4  3   1  1   1  1   
  219.000  217.100    1.900  92    3.561   2.453   7  5   1  1   1  1 * 
  248.900  247.900    1.000  94    1.464   0.000   2  0   0  0   1  1 * 
   10.760   13.150   -2.390  94    2.167   1.464   4  2   0  0   1  1   
    5.810    5.398    0.412  94    2.467   2.167   6  4   0  0   1  1   
    2.315    2.110    0.205  94    2.552   2.467   8  6   0  0   1  1   
  234.300  211.900   22.400  94    2.939   2.568   3  5   1  1   1  1 * 
  203.100  246.200  -43.100  94    3.055   2.568   4  5   1  1   1  1 * 
    0.373    0.786   -0.412  94    3.055   2.939   4  3   1  1   1  1   
  188.500  190.500   -2.000  94    3.234   2.167   5  4   0  0   1  1   
   38.540   38.840   -0.300  94    3.234   2.467   5  6   0  0   1  1   
  102.400  106.200   -3.800  94    3.249   2.467   7  6   0  0   1  1   
  172.900  173.700   -0.800  94    3.249   2.552   7  8   0  0   1  1   
   31.830   33.510   -1.680  94    3.249   3.234   7  5   0  0   1  1   
  274.000  268.600    5.400  94    3.623   2.568   7  5   1  1   1  1 * 
  227.100  210.000   17.100  94    3.678   2.939   2  3   1  1   1  1 * 
   30.360   29.770    0.590  94    3.678   3.055   2  4   1  1   1  1   
  137.400  148.000  -10.600  94    3.707   2.568   6  5   1  1   1  1   
    0.105    0.741   -0.636  94    3.707   3.055   6  4   1  1   1  1   
    3.606    3.950   -0.344  94    3.707   3.623   6  7   1  1   1  1   
  136.700  146.000   -9.300  94    4.066   2.939   1  3   1  1   1  1   
   45.030   44.600    0.430  94    4.197   2.552   9  8   0  0   1  1   
   62.390   59.740    2.650  94    4.197   3.249   9  7   0  0   1  1   
   67.910   65.700    2.210  94    4.197   3.959   9  0   0  0   1  1   
    2.039    3.837   -1.798  94    4.856   1.464   1  2   0  0   1  1   
  234.300  233.100    1.200  96    1.396   0.000   2  0   0  0   1  1 * 
   28.840   24.700    4.140  96    2.130   1.396   4  2   0  0   1  1   
    4.448    5.198   -0.750  96    2.488   2.361   8  6   0  0   1  1   
   96.570   98.360   -1.790  96    3.165   2.361   7  6   0  0   1  1   
  164.600  166.800   -2.200  96    3.165   2.488   7  8   0  0   1  1   
   67.370   65.770    1.600  96    3.165   3.096   7  5   0  0   1  1   
  201.700  196.100    5.600  96    3.609   2.615   7  5   1  1   1  1 * 
   45.120   45.120    0.000  96    4.129   2.488   9  8   0  0   1  1   
   44.050   46.390   -2.340  96    4.129   3.165   9  7   0  0   1  1   
   54.500   58.260   -3.760  96    4.129   3.834   9  0   0  0   1  1   
   25.280   29.280   -4.000  96    4.255   3.609   8  7   1  1   1  1   
  109.400  106.700    2.700  96    4.255   3.692   8  6   1  1   1  1   
    0.020    0.093   -0.073  96    5.452   4.137   0  9   1  1   1  1   
    1.466    2.428   -0.962  96    5.452   4.255   0  8   1  1   1  1   
    7.572    9.521   -1.949  96    5.452   4.358   0  1   1  1   1  1   
    3.193    7.806   -4.613  96    6.085   3.945   0  2   1  1   1  1   
  151.600  150.900    0.700  98    1.361   0.000   2  0   0  0   1  1   
  163.600  163.800   -0.200  98    2.098   1.361   4  2   0  0   1  1   
  116.100  117.000   -0.900  98    2.280   2.098   6  4   0  0   1  1   
   47.340   47.340    0.000  98    2.440   2.280   8  6   0  0   1  1   
    7.140    7.152   -0.012  98    3.173   2.602   4  5   1  1   1  1   
  147.500  142.700    4.800  98    3.257   2.602   3  5   1  1   1  1   
    1.974    3.570   -1.596  98    3.257   3.173   3  4   1  1   1  1   
   39.500   42.700   -3.200  98    4.538   2.602   6  5   1  1   1  1   
   67.490   61.170    6.320  98    4.538   3.173   6  4   1  1   1  1   
    0.007    0.001    0.006  98    5.097   1.361   1  2   0  0   1  1   
   72.200   71.720    0.480  98    5.133   2.602   7  5   1  1   1  1   
    9.314    9.346   -0.032  98    5.133   4.538   7  6   1  1   1  1   
    0.167    0.150    0.017  98    7.241   1.361   3  2   0  0   1  1   
    0.200    0.214   -0.014  98    7.241   2.098   3  4   0  0   1  1   
    3.415    2.310    1.105  98    7.241   5.097   3  1   0  0   1  1   
