   18.840   18.840    0.000     1 79    0.687   0.000   3  5   1  1   1  1
  147.900  147.900    0.000     2 79    1.515   0.000   1  5   1  1   1  1
  154.000  154.000    0.000     3 79    1.515   0.687   1  3   1  1   1  1
  123.400  123.000    0.400     4 80    1.523   0.000   2  0   0  0   1  1
   87.300   88.800   -1.500     5 80    1.989   1.523   4  2   0  0   1  1
   45.330   43.440    1.890     6 80    6.740   6.364   2  7   1  1   1  1
   76.240   75.670    0.570     7 80    6.740   6.733   2  3   1  1   1  1
    4.064    3.000    1.064     8 80    6.943   6.364   6  7   1  1   1  1
    7.293    4.471    2.822     9 80    6.943   6.761   6  5   1  1   1  1
   73.670   68.450    5.220    10 80    7.004   6.733   4  3   1  1   1  1
    9.952   12.270   -2.318    11 80    7.004   6.761   4  5   1  1   1  1
   69.500   69.110    0.390    12 80    7.004   6.943   4  6   1  1   1  1
   14.060   87.420  -73.360    13 81    0.436   0.000   3  5   1  1   1  1
   57.410   65.610   -8.200    14 81    1.482   0.000   7  5   1  1   1  1
   55.180    4.297   50.883    15 81    1.482   0.436   7  3   1  1   1  1
    2.843    4.387   -1.544    16 81    1.482   1.335   7  9   1  1   1  1
   87.050   83.170    3.880    17 81    5.608   5.375  15 11   0  0   1  1
   34.600   31.700    2.900    18 81    5.608   5.388  15 13   0  0   1  1
   10.050    6.089    3.961    19 81    5.608   5.581  15 17   0  0   1  1
   72.930   63.280    9.650    20 81    5.675   5.328   3  5   0  0   1  1
  121.800  118.700    3.100    21 81    5.675   5.383   3  7   0  0   1  1
  138.500  132.600    5.900    22 81    5.675   5.599   3  1   0  0   1  1
    0.148    0.125    0.023    23 81   10.497   1.335  13  9   1  1   1  1
    0.578    0.577    0.001    24 81   10.497   1.852  13 11   1  1   1  1
    0.528    0.505    0.023    25 81   10.713   1.852  15 11   1  1   1  1
   13.950   17.000   -3.050    26 81   10.713   0.497  15 13   1  1   1  1
  187.600  182.300    5.300    27 82    1.567   0.000   2  0   0  0   1  1
    0.077    4.058   -3.981    28 82    2.215   1.567   4  2   0  0   1  1
    6.002    4.191    1.811    29 82    3.564   2.215   6  4   0  0   1  1
   19.860   13.720    6.140    30 82    6.145   5.541   2  3   1  1   1  1
    3.026    1.736    1.290    31 82    6.145   5.884   2  4   1  1   1  1
    0.000    0.003   -0.003    32 82   10.297   3.564   8  6   0  0   1  1
   76.950   61.750   15.200    33 82   11.253   0.297  10  8   0  0   1  1
  109.300  108.900    0.400    34 82   11.391   1.253  12 10   0  0   1  1
   57.490   74.090  -16.600    35 82   11.468   0.297   9  8   0  0   1  1
   12.320    7.821    4.499    36 82   11.468   1.253   9 10   0  0   1  1
    0.032    0.090   -0.058    37 82   11.469   3.564   7  6   0  0   1  1
    0.101    0.112   -0.010    38 82   11.469   3.687   7  5   0  0   1  1
    4.613    7.863   -3.250    39 82   11.469   0.297   7  8   0  0   1  1
   91.510   95.410   -3.900    40 82   11.469   1.468   7  9   0  0   1  1
    2.977    2.899    0.078    41 82   11.771   1.253  11 10   0  0   1  1
    9.446    3.570    5.876    42 82   11.771   1.391  11 12   0  0   1  1
   94.090   89.420    4.670    43 82   11.771   1.468  11  9   0  0   1  1
    0.369    0.337    0.033    44 82   16.781   6.768  11  9   1  1   1  1
    0.319    0.305    0.014    45 82   17.271   7.979  12 10   1  1   1  1
    1.221    2.107   -0.886    46 82   17.271   6.781  12 11   1  1   1  1
    0.115    0.298   -0.182    47 83    0.125   0.000   3  5   1  1   1  1
   67.630   71.640   -4.010    48 83    0.966   0.000   1  5   1  1   1  1
  243.100  227.900   15.200    49 83    0.966   0.125   1  3   1  1   1  1
   46.560   67.340  -20.780    50 83    1.377   0.000   7  5   1  1   1  1
   86.720   83.400    3.320    51 83    1.377   0.125   7  3   1  1   1  1
   76.010   72.740    3.270    52 83    1.605   0.000   9  5   1  1   1  1
   51.890   22.380   29.510    53 83    1.605   1.377   9  7   1  1   1  1
  127.400   95.940   31.460    54 83    2.834   1.605  13  9   1  1   1  1
    7.258   11.180   -3.922    55 83    2.834   1.787  13 11   1  1   1  1
  148.800  141.500    7.300    56 83    4.118   2.998   7  9   0  0   1  1
  188.900  192.600   -3.700    57 83    4.188   4.118   5  7   0  0   1  1
   85.490  121.200  -35.710    58 83    4.512   2.998  11  9   0  0   1  1
   68.210   74.950   -6.740    59 83    4.512   4.118  11  7   0  0   1  1
   75.780   51.620   24.160    60 83    4.567   4.118   3  7   0  0   1  1
    6.815    0.987    5.828    61 83    4.567   4.188   3  5   0  0   1  1
   17.600    6.132   11.468    62 83    4.653   4.188   1  5   0  0   1  1
   98.700  105.100   -6.400    63 83    4.653   4.567   1  3   0  0   1  1
  197.400  192.300    5.100    64 84    1.697   0.000   2  0   0  0   1  1
   13.350   13.810   -0.460    65 84    2.240   1.697   4  2   0  0   1  1
    2.792    3.156   -0.364    66 84    2.512   1.697   3  2   0  0   1  1
  162.900  154.000    8.900    67 84    2.512   2.240   3  4   0  0   1  1
   25.130   21.470    3.660    68 84    5.553   5.045   2  4   1  1   1  1
   44.820   23.890   20.930    69 84    6.169   3.737   7  6   0  0   1  1
   40.710   38.340    2.370    70 84    6.169   3.776   7  5   0  0   1  1
   27.720   36.920   -9.200    71 84    7.070   5.553   0  2   1  1   1  1
    1.862    0.346    1.516    73 84    7.209   6.402  10  9   1  1   1  1
   31.720    2.753   28.967    74 84    7.209   6.453  10  8   1  1   1  1
  144.300  165.400  -21.100    75 84    9.368   8.373  10  8   0  0   1  1
    0.065    0.079   -0.014    76 84   14.146   7.209  12 10   1  1   1  1
    0.004    0.006   -0.002    77 84   14.146   8.055  12 11   1  1   1  1
   22.430   18.730    3.700    78 85    0.379   0.000   5  3   1  1   1  1
    1.051    0.013    1.038    79 85    1.357   0.000   7  3   1  1   1  1
  194.500  192.900    1.600    80 85    1.357   0.379   7  5   1  1   1  1
  109.000  102.600    6.400    81 85    1.603   0.379   9  5   1  1   1  1
  155.700  148.700    7.000    82 85    1.603   1.357   9  7   1  1   1  1
    5.246    4.080    1.166    83 85    3.594   3.199   3  7   0  0   1  1
   69.720   68.480    1.240    84 85    3.594   3.430   3  5   0  0   1  1
    2.024    1.445    0.579    85 85    3.911   3.430   1  5   0  0   1  1
   23.260   24.910   -1.650    86 85    3.911   3.594   1  3   0  0   1  1
   77.660   56.850   20.810    87 85    4.026   3.680  15 11   0  0   1  1
   62.770   46.750   16.020    88 85    4.026   3.794  15 13   0  0   1  1
    3.792    4.619   -0.827    89 85    5.856   4.026  19 15   0  0   1  1
    6.194    1.202    4.992    90 85    5.856   4.704  19 17   0  0   1  1
    5.146    3.181    1.965    91 85    5.965   4.704  21 17   0  0   1  1
  164.300  134.500   29.800    92 85    5.965   5.856  21 19   0  0   1  1
    0.049    0.190   -0.142    93 85   11.554   5.965  25 21   0  0   1  1
  197.400  185.400   12.000    94 86    1.600   0.000   2  0   0  0   1  1
    0.024    1.012   -0.988    95 86    2.311   1.600   4  2   0  0   1  1
    0.179    0.165    0.014    97 86    2.854   1.600   1  2   0  0   1  1
   15.240   11.960    3.280    98 86    3.040   1.600   3  2   0  0   1  1
   29.540   13.890   15.650    99 86    3.040   2.311   3  4   0  0   1  1
   79.630   87.580   -7.950   100 86    3.040   2.854   3  1   0  0   1  1
   78.090   62.460   15.630   101 86    4.396   3.293   4  3   1  1   1  1
    4.035    5.440   -1.405   102 86    4.396   3.869   4  5   1  1   1  1
    0.318    0.290    0.028   103 86    4.470   3.869   6  5   1  1   1  1
    0.850    1.993   -1.143   104 86    4.470   4.396   6  4   1  1   1  1
   10.750    1.292    9.458   105 86    5.047   2.311   6  4   0  0   1  1
    0.971    1.197   -0.226   106 86    5.047   4.126   6  5   0  0   1  1
    7.318    5.389    1.929   107 86    5.084   3.293   2  3   1  1   1  1
   56.250   27.570   28.680   108 86    5.084   4.396   2  4   1  1   1  1
   16.000   33.560  -17.560   109 87    0.376   0.000   5  3   1  1   1  1
    1.880    1.700    0.180   110 87    0.595   0.376   1  5   1  1   1  1
   39.340   16.700   22.640   111 87    1.709   0.000   7  3   1  1   1  1
  202.500  215.500  -13.000   112 87    1.709   0.376   7  5   1  1   1  1
  118.100  109.300    8.800   113 87    2.346   0.376   9  5   1  1   1  1
   17.290   24.210   -6.920   114 87    2.346   1.709   9  7   1  1   1  1
  157.700  146.100   11.600   115 87    2.420   1.555   5  9   0  0   1  1
  183.300  175.400    7.900   116 88    1.825   0.000   2  0   0  0   1  1
    0.246    0.170    0.077   117 88    3.387   1.825   3  2   0  0   1  1
    0.508    0.173    0.335   119 88    3.484   1.825   1  2   0  0   1  1
    5.832    8.115   -2.283   120 88    3.484   3.387   1  3   0  0   1  1
   40.590   37.280    3.310   121 88    3.539   2.667   5  3   1  1   1  1
    6.136    5.626    0.510   122 88    3.912   2.667   4  3   1  1   1  1
   79.740   57.960   21.780   123 88    3.912   3.539   4  5   1  1   1  1
  128.400  103.400   25.000   124 88    4.044   3.539   6  5   1  1   1  1
   19.060   24.730   -5.670   125 88    4.044   3.912   6  4   1  1   1  1
  134.300  131.400    2.900   126 88    7.027   5.599  10  8   0  0   1  1
    5.678    9.521   -3.843   127 88    7.027   6.757  10  9   0  0   1  1
  124.800  132.400   -7.600   128 89    1.911   0.862   5  9   0  0   1  1
   18.180   23.110   -4.930   129 89    5.219   4.460  21 17   1  1   1  1
  155.500  155.900   -0.400   130 89    5.219   4.928  21 19   1  1   1  1
    0.694    0.161    0.533   131 90    2.715   2.694   3  4   1  1   1  1
   82.280   72.470    9.810   132 90    3.490   3.372   8  6   0  0   1  1
  189.700  179.300   10.400   133 91    0.081   0.081   1  1   1  1   1  1
  182.100  169.500   12.600   134 91    1.333   0.081   3  1   1  1   1  1
   18.400   13.210    5.190   135 91    1.333   1.220   3  5   1  1   1  1
  164.100  150.900   13.200   136 91    1.853   1.220   9  5   1  1   1  1
  103.600   98.950    4.650   137 91    1.990   1.853  13  9   1  1   1  1
   42.750   38.690    4.060   138 91    2.030   1.990  17 13   1  1   1  1
   12.800   11.830    0.970   139 91    2.167   1.220   7  5   1  1   1  1
   84.630   75.030    9.600   140 91    2.167   1.333   7  3   1  1   1  1
    5.682    0.063    5.619   141 91    2.167   1.853   7  9   1  1   1  1
   83.590   74.470    9.120   142 91    2.258   0.000  13  9   0  0   1  1
  275.300  246.400   28.900   143 91    3.118   2.258  17 13   0  0   1  1
  193.400  179.500   13.900   144 92    1.559   0.000   2  0   0  0   1  1
  138.800  134.800    4.000   145 92    2.287   1.559   4  2   0  0   1  1
   82.350   84.020   -1.670   146 92    2.555   2.287   6  4   0  0   1  1
   32.510   33.120   -0.610   147 92    2.662   2.555   8  6   0  0   1  1
  173.200  167.600    5.600   148 93    1.272   0.000   5  9   0  0   1  1
    8.945    8.906    0.039   149 93    1.272   0.755   5  7   0  0   1  1
  256.800  241.300   15.500   150 93    1.441   0.376   5  1   1  1   1  1
  115.900  104.400   11.500   151 93    1.544   0.000  11  9   0  0   1  1
   66.650   67.020   -0.370   152 93    1.544   0.755  11  7   0  0   1  1
  143.900  146.200   -2.300   153 93    1.544   1.464  11 13   0  0   1  1
   30.970   31.810   -0.840   154 93    1.708   0.755   3  7   0  0   1  1
  246.600  253.900   -7.300   155 93    1.708   1.272   3  5   0  0   1  1
    4.160    6.982   -2.822   156 93    1.980   1.441   9  5   1  1   1  1
   12.370    8.753    3.617   157 93    2.161   1.980  13  9   1  1   1  1
    8.362    0.203    8.159   158 93    2.161   2.151  13 17   1  1   1  1
  220.300  203.800   16.500   159 93    2.736   2.151  15 17   1  1   1  1
  118.900  107.200   11.700   160 93    2.736   2.161  15 13   1  1   1  1
    3.282    1.683    1.599   161 93    2.736   2.700  15 11   1  1   1  1
   22.820   19.640    3.180   162 93    5.077   2.534  25 21   0  0   1  1
  247.900  237.600   10.300   163 94    1.466   0.000   2  0   0  0   1  1
   13.150   17.780   -4.630   164 94    2.172   1.466   4  2   0  0   1  1
    5.398    5.051    0.347   165 94    2.461   2.172   6  4   0  0   1  1
    2.110    2.591   -0.481   166 94    2.548   2.461   8  6   0  0   1  1
  246.200   33.910  212.290   167 94    3.053   2.560   4  5   1  1   1  1
    0.786   13.270  -12.484   168 94    3.053   3.011   4  3   1  1   1  1
  190.500  184.900    5.600   169 94    3.242   2.172   5  4   0  0   1  1
   38.840   40.050   -1.210   170 94    3.242   2.461   5  6   0  0   1  1
  106.200   99.230    6.970   171 94    3.255   2.461   7  6   0  0   1  1
  173.700  168.000    5.700   172 94    3.255   2.548   7  8   0  0   1  1
   33.510   35.730   -2.220   173 94    3.255   3.242   7  5   0  0   1  1
   29.770    0.026   29.744   174 94    3.677   3.053   2  4   1  1   1  1
  164.600  160.400    4.200   175 94    3.958   2.548  10  8   0  0   1  1
  167.200  194.500  -27.300   176 95    1.217   0.000   5  9   0  0   1  1
  114.800   18.410   96.390   177 95    1.217   0.694   5  7   0  0   1  1
  222.500  217.600    4.900   178 95    1.396   0.000  13  9   0  0   1  1
  139.100  133.100    6.000   179 95    1.474   0.000  11  9   0  0   1  1
    2.814    3.645   -0.831   180 95    1.474   0.694  11  7   0  0   1  1
    1.688    2.796   -1.108   181 95    1.474   1.396  11 13   0  0   1  1
  237.300  223.400   13.900   182 95    1.509   0.568   3  1   1  1   1  1
  250.100  235.400   14.700   183 95    1.569   0.568   5  1   1  1   1  1
   19.950   21.580   -1.630   184 95    1.569   1.509   5  3   1  1   1  1
    0.591    0.675   -0.083   185 95    1.608   0.694   3  7   0  0   1  1
    0.776    0.010    0.766   186 95    1.608   1.217   3  5   0  0   1  1
  244.400  316.800  -72.400   187 95    1.855   1.217   1  5   0  0   1  1
  212.000  208.500    3.500   188 95    1.855   1.608   1  3   0  0   1  1
   35.340   39.440   -4.100   189 95    2.093   1.569   9  5   1  1   1  1
    0.036    0.021    0.014   190 95    2.141   1.396  17 13   0  0   1  1
    0.117    0.001    0.116   191 95    2.208   1.396  15 13   0  0   1  1
    1.433    1.341    0.092   192 95    2.208   1.474  15 11   0  0   1  1
    0.751    0.247    0.505   193 95    2.208   2.141  15 17   0  0   1  1
  233.100  229.200    3.900   194 96    1.396   0.000   2  0   0  0   1  1
   24.700   18.030    6.670   195 96    2.125   1.396   4  2   0  0   1  1
    5.198    4.604    0.594   196 96    2.477   2.354   8  6   0  0   1  1
  291.300  274.700   16.600   197 96    3.067   2.609   4  5   1  1   1  1
  185.900  187.800   -1.900   198 96    3.104   2.125   5  4   0  0   1  1
   33.790   32.650    1.140   199 96    3.104   2.354   5  6   0  0   1  1
  193.600  169.500   24.100   200 96    3.142   2.609   3  5   1  1   1  1
    1.188    3.795   -2.607   201 96    3.142   3.067   3  4   1  1   1  1
   98.360   98.610   -0.250   202 96    3.156   2.354   7  6   0  0   1  1
  166.800  168.400   -1.600   203 96    3.156   2.477   7  8   0  0   1  1
   65.770   64.850    0.920   204 96    3.156   3.104   7  5   0  0   1  1
    0.433    0.449   -0.015   205 96    3.474   1.396   3  2   0  0   1  1
   91.730   90.650    1.080   206 96    3.474   2.125   3  4   0  0   1  1
   19.160   18.530    0.630   207 96    3.474   3.104   3  5   0  0   1  1
  114.300  107.000    7.300   208 96    3.698   2.609   6  5   1  1   1  1
   76.570   74.020    2.550   209 96    3.698   3.067   6  4   1  1   1  1
  219.700  214.400    5.300   210 96    3.698   3.612   6  7   1  1   1  1
   31.600   26.220    5.380   211 96    3.958   3.067   2  4   1  1   1  1
    1.764    0.192    1.572   212 96    3.958   3.142   2  3   1  1   1  1
   45.120   46.140   -1.020   213 96    4.109   2.477   9  8   0  0   1  1
   46.390   44.810    1.580   214 96    4.109   3.156   9  7   0  0   1  1
  273.200  276.000   -2.800   215 97    0.671   0.000   7  9   0  0   1  1
    1.893    1.239    0.654   216 97    0.680   0.680   1  1   1  1   1  1
  163.700  163.000    0.700   217 97    1.316   0.000  13  9   0  0   1  1
   95.650   98.160   -2.510   218 97    1.504   0.000  11  9   0  0   1  1
   41.660   40.410    1.250   219 97    1.504   0.671  11  7   0  0   1  1
  127.900  126.800    1.100   220 97    1.504   1.316  11 13   0  0   1  1
  212.400  201.100   11.300   221 97    1.557   0.680   3  1   1  1   1  1
  150.900  152.100   -1.200   222 98    1.352   0.000   2  0   0  0   1  1
  163.800  163.100    0.700   223 98    2.086   1.352   4  2   0  0   1  1
  117.000  117.100   -0.100   224 98    2.271   2.086   6  4   0  0   1  1
   47.340   47.340    0.000   225 98    2.424   2.271   8  6   0  0   1  1
    7.152   11.200   -4.048   226 98    3.173   2.606   4  5   1  1   1  1
  142.700  133.600    9.100   227 98    3.360   2.606   3  5   1  1   1  1
    3.570    1.714    1.856   228 98    3.360   3.173   3  4   1  1   1  1
   42.700   39.600    3.100   229 98    4.419   2.606   6  5   1  1   1  1
   61.170   72.830  -11.660   230 98    4.419   3.173   6  4   1  1   1  1
    0.001    0.003   -0.002   232 98    5.107   1.352   1  2   0  0   1  1
   71.720   69.510    2.210   233 98    5.210   2.606   7  5   1  1   1  1
    9.346    9.251    0.095   234 98    5.210   4.419   7  6   1  1   1  1
    5.234    4.886    0.348   235 98    5.586   2.606   2  5   1  1   1  1
   50.550   52.880   -2.330   236 98    5.586   3.173   2  4   1  1   1  1
    2.392    2.355    0.037   237 98    5.586   3.360   2  3   1  1   1  1
    0.150    0.115    0.035   238 98    7.205   1.352   3  2   0  0   1  1
    0.214    0.125    0.089   239 98    7.205   2.086   3  4   0  0   1  1
    2.310    5.227   -2.917   240 98    7.205   5.107   3  1   0  0   1  1
  106.300  106.300    0.000   241 99    0.727   0.727   1  1   1  1   1  1
   59.160   59.160    0.000   242 99    3.580   0.727   5  1   1  1   1  1
   14.980   14.980    0.000   243 99    3.580   1.776   5  3   1  1   1  1
