    0.003    0.003    0.000     1 79    0.687   0.000   3  5   1  1   1  1
    1.913    1.913    0.000     3 79    1.515   0.687   1  3   1  1   1  1
    0.292    0.318   -0.027     8 80    6.943   6.364   6  7   1  1   1  1
    0.377    0.442   -0.065     9 80    6.943   6.761   6  5   1  1   1  1
    0.492    0.548   -0.056    10 80    7.004   6.733   4  3   1  1   1  1
    0.820    0.823   -0.003    11 80    7.004   6.761   4  5   1  1   1  1
    0.003    0.002    0.001    13 81    0.436   0.000   3  5   1  1   1  1
    0.010    0.013   -0.003    14 81    1.482   0.000   7  5   1  1   1  1
    0.000    0.000   -0.000    16 81    1.482   1.335   7  9   1  1   1  1
    0.078    0.094   -0.016    18 81    5.608   5.388  15 13   0  0   1  1
    0.359    0.407   -0.048    19 81    5.608   5.581  15 17   0  0   1  1
    0.045    0.066   -0.021    20 81    5.675   5.328   3  5   0  0   1  1
    0.365    0.494   -0.129    22 81    5.675   5.599   3  1   0  0   1  1
    0.001    0.001    0.000    24 81   10.497   1.852  13 11   1  1   1  1
    0.130    0.132   -0.003    26 81   10.713   0.497  15 13   1  1   1  1
    0.345    0.393   -0.048    30 82    6.145   5.541   2  3   1  1   1  1
    0.027    0.025    0.002    35 82   11.468   0.297   9  8   0  0   1  1
    0.254    0.229    0.025    36 82   11.468   1.253   9 10   0  0   1  1
    0.000    0.000   -0.000    37 82   11.469   3.564   7  6   0  0   1  1
    0.015    0.016   -0.001    39 82   11.469   0.297   7  8   0  0   1  1
    0.005    0.002    0.002    41 82   11.771   1.253  11 10   0  0   1  1
    0.327    0.491   -0.164    42 82   11.771   1.391  11 12   0  0   1  1
    0.035    0.038   -0.002    46 82   17.271   6.781  12 11   1  1   1  1
    0.003    0.003    0.000    47 83    0.125   0.000   3  5   1  1   1  1
    0.003    0.015   -0.011    49 83    0.966   0.125   1  3   1  1   1  1
    0.013    0.017   -0.005    50 83    1.377   0.000   7  5   1  1   1  1
    0.012    0.001    0.012    53 83    1.605   1.377   9  7   1  1   1  1
    0.001    0.003   -0.003    55 83    2.834   1.787  13 11   1  1   1  1
    0.005    0.007   -0.002    56 83    4.118   2.998   7  9   0  0   1  1
    0.191    0.212   -0.022    57 83    4.188   4.118   5  7   0  0   1  1
    0.012    0.008    0.005    58 83    4.512   2.998  11  9   0  0   1  1
    0.005    0.013   -0.008    61 83    4.567   4.188   3  5   0  0   1  1
    0.554    0.596   -0.042    63 83    4.653   4.567   1  3   0  0   1  1
    0.050    0.073   -0.023    66 84    2.512   1.697   3  2   0  0   1  1
    0.572    0.550    0.022    67 84    2.512   2.240   3  4   0  0   1  1
    0.000    0.005   -0.005    69 84    6.169   3.737   7  6   0  0   1  1
    0.000    0.002   -0.002    72 84    7.070   5.782   0  1   1  1   1  1
    0.165    0.131    0.034    73 84    7.209   6.402  10  9   1  1   1  1
    0.000    0.000    0.000    77 84   14.146   8.055  12 11   1  1   1  1
    0.008    0.006    0.001    78 85    0.379   0.000   5  3   1  1   1  1
    0.014    0.003    0.011    80 85    1.357   0.379   7  5   1  1   1  1
    0.167    0.144    0.023    82 85    1.603   1.357   9  7   1  1   1  1
    0.082    0.130   -0.049    84 85    3.594   3.430   3  5   0  0   1  1
    0.626    0.586    0.040    86 85    3.911   3.594   1  3   0  0   1  1
    0.117    0.146   -0.029    88 85    4.026   3.794  15 13   0  0   1  1
    0.011    0.001    0.009    90 85    5.856   4.704  19 17   0  0   1  1
    0.279    0.338   -0.058    92 85    5.965   5.856  21 19   0  0   1  1
    0.000    0.000    0.000    96 86    2.854   0.000   1  0   0  0   1  1
    0.293    0.341   -0.048    97 86    2.854   1.600   1  2   0  0   1  1
    0.001    0.007   -0.007    98 86    3.040   1.600   3  2   0  0   1  1
    0.341    0.350   -0.009    99 86    3.040   2.311   3  4   0  0   1  1
    0.197    0.268   -0.071   101 86    4.396   3.293   4  3   1  1   1  1
    0.094    0.157   -0.062   102 86    4.396   3.869   4  5   1  1   1  1
    0.149    0.173   -0.024   103 86    4.470   3.869   6  5   1  1   1  1
    0.001    0.007   -0.006   106 86    5.047   4.126   6  5   0  0   1  1
    0.042    0.055   -0.013   107 86    5.084   3.293   2  3   1  1   1  1
    0.018    0.023   -0.005   109 87    0.376   0.000   5  3   1  1   1  1
    0.043    0.007    0.036   112 87    1.709   0.376   7  5   1  1   1  1
    0.032    0.063   -0.031   114 87    2.346   1.709   9  7   1  1   1  1
    0.012    0.019   -0.007   117 88    3.387   1.825   3  2   0  0   1  1
    0.421    0.429   -0.008   118 88    3.484   0.000   1  0   0  0   1  1
    0.143    0.112    0.031   119 88    3.484   1.825   1  2   0  0   1  1
    0.038    0.084   -0.046   122 88    3.912   2.667   4  3   1  1   1  1
    0.020    0.021   -0.002   123 88    3.912   3.539   4  5   1  1   1  1
    0.100    0.099    0.002   124 88    4.044   3.539   6  5   1  1   1  1
    0.014    0.020   -0.007   127 88    7.027   6.757  10  9   0  0   1  1
    0.125    0.135   -0.010   130 89    5.219   4.928  21 19   1  1   1  1
    0.443    0.550   -0.107   131 90    2.715   2.694   3  4   1  1   1  1
    0.507    0.557   -0.050   134 91    1.333   0.081   3  1   1  1   1  1
    0.217    0.222   -0.005   135 91    1.333   1.220   3  5   1  1   1  1
    0.029    0.021    0.008   139 91    2.167   1.220   7  5   1  1   1  1
    0.477    0.473    0.003   141 91    2.167   1.853   7  9   1  1   1  1
    0.000    0.000    0.000   149 93    1.272   0.755   5  7   0  0   1  1
    0.000    0.000    0.000   151 93    1.544   0.000  11  9   0  0   1  1
    0.000    0.000    0.000   153 93    1.544   1.464  11 13   0  0   1  1
    0.000    0.000   -0.000   155 93    1.708   1.272   3  5   0  0   1  1
    0.043    0.028    0.015   159 93    2.736   2.151  15 17   1  1   1  1
    0.001    0.001   -0.000   160 93    2.736   2.161  15 13   1  1   1  1
    0.174    0.314   -0.139   167 94    3.053   2.560   4  5   1  1   1  1
    0.191    0.534   -0.343   168 94    3.053   3.011   4  3   1  1   1  1
    0.000    0.000    0.000   169 94    3.242   2.172   5  4   0  0   1  1
    0.000    0.000   -0.000   170 94    3.242   2.461   5  6   0  0   1  1
    0.000    0.000   -0.000   171 94    3.255   2.461   7  6   0  0   1  1
    0.000    0.000   -0.000   172 94    3.255   2.548   7  8   0  0   1  1
    0.001    0.001    0.000   177 95    1.217   0.694   5  7   0  0   1  1
    0.000    0.000    0.000   179 95    1.474   0.000  11  9   0  0   1  1
    0.000    0.000    0.000   181 95    1.474   1.396  11 13   0  0   1  1
    0.539    0.572   -0.033   182 95    1.509   0.568   3  1   1  1   1  1
    0.222    0.213    0.008   184 95    1.569   1.509   5  3   1  1   1  1
    0.000    0.000    0.000   186 95    1.608   1.217   3  5   0  0   1  1
    0.001    0.001   -0.000   188 95    1.855   1.608   1  3   0  0   1  1
    0.000    0.000    0.000   191 95    2.208   1.396  15 13   0  0   1  1
    0.000    0.000   -0.000   193 95    2.208   2.141  15 17   0  0   1  1
    0.026    0.036   -0.011   197 96    3.067   2.609   4  5   1  1   1  1
    0.000    0.000    0.000   198 96    3.104   2.125   5  4   0  0   1  1
    0.000    0.000   -0.000   199 96    3.104   2.354   5  6   0  0   1  1
    0.001    0.005   -0.004   201 96    3.142   3.067   3  4   1  1   1  1
    0.000    0.000   -0.000   202 96    3.156   2.354   7  6   0  0   1  1
    0.000    0.000   -0.000   203 96    3.156   2.477   7  8   0  0   1  1
    0.000    0.000    0.000   205 96    3.474   1.396   3  2   0  0   1  1
    0.000    0.000   -0.000   206 96    3.474   2.125   3  4   0  0   1  1
    0.032    0.021    0.011   208 96    3.698   2.609   6  5   1  1   1  1
    0.075    0.061    0.014   210 96    3.698   3.612   6  7   1  1   1  1
    0.029    0.048   -0.019   212 96    3.958   3.142   2  3   1  1   1  1
    0.000    0.000    0.000   213 96    4.109   2.477   9  8   0  0   1  1
    0.000    0.000   -0.000   215 97    0.671   0.000   7  9   0  0   1  1
    0.000    0.000   -0.000   218 97    1.504   0.000  11  9   0  0   1  1
    0.000    0.000   -0.000   220 97    1.504   1.316  11 13   0  0   1  1
    0.482    0.516   -0.034   221 97    1.557   0.680   3  1   1  1   1  1
    0.192    0.209   -0.017   226 98    3.173   2.606   4  5   1  1   1  1
    1.078    1.122   -0.044   228 98    3.360   3.173   3  4   1  1   1  1
    0.999    1.033   -0.034   229 98    4.419   2.606   6  5   1  1   1  1
    0.013    0.011    0.002   231 98    5.107   0.000   1  0   0  0   1  1
    0.000    0.000    0.000   232 98    5.107   1.352   1  2   0  0   1  1
    0.013    0.006    0.008   234 98    5.210   4.419   7  6   1  1   1  1
    0.001    0.003   -0.002   236 98    5.586   3.173   2  4   1  1   1  1
    0.001    0.001   -0.000   237 98    5.586   3.360   2  3   1  1   1  1
    0.000    0.000    0.000   238 98    7.205   1.352   3  2   0  0   1  1
    0.013    0.008    0.004   239 98    7.205   2.086   3  4   0  0   1  1
    0.956    0.956    0.000   241 99    0.727   0.727   1  1   1  1   1  1
    0.002    0.002    0.000   243 99    3.580   1.776   5  3   1  1   1  1
