    0.003    0.003    0.000     1 79    0.687   0.000   3  5   1  1   1  1
    1.913    1.913    0.000     3 79    1.515   0.687   1  3   1  1   1  1
    0.003    0.004   -0.000     8 81    0.436   0.000   3  5   1  1   1  1
    0.010    0.016   -0.006     9 81    1.482   0.000   7  5   1  1   1  1
    0.000    0.000    0.000    11 81    1.482   1.335   7  9   1  1   1  1
    0.002    0.005   -0.003    14 82    2.683   1.567   3  2   0  0   1  1
    0.079    0.168   -0.089    15 82    2.683   2.215   3  4   0  0   1  1
    0.183    0.157    0.026    17 82    5.884   5.541   4  3   1  1   1  1
    0.003    0.004   -0.001    18 83    0.125   0.000   3  5   1  1   1  1
    0.003    0.031   -0.028    20 83    0.966   0.125   1  3   1  1   1  1
    0.013    0.015   -0.002    21 83    1.377   0.000   7  5   1  1   1  1
    0.191    0.192   -0.001    23 83    4.188   4.118   5  7   0  0   1  1
    0.554    0.512    0.042    25 83    4.653   4.567   1  3   0  0   1  1
    0.325    0.345   -0.020    28 83    4.787   4.775  17 15   0  0   1  1
    0.000    0.000   -0.000    30 83    8.585   2.834  15 13   1  1   1  1
    0.287    0.270    0.017    32 83    8.608   8.585  17 15   1  1   1  1
    0.000    0.000    0.000    35 83   14.526   6.525  23 21   0  0   1  1
    0.014    0.000    0.014    36 83   14.526   4.377  23 25   0  0   1  1
    0.050    0.043    0.007    39 84    2.512   1.697   3  2   0  0   1  1
    0.572    0.537    0.035    40 84    2.512   2.240   3  4   0  0   1  1
    0.089    0.081    0.008    41 84    5.045   4.384   4  3   1  1   1  1
    0.165    0.157    0.008    42 84    7.209   6.402  10  9   1  1   1  1
    0.009    0.004    0.005    45 84    8.055   7.209  11 10   1  1   1  1
    0.000    0.000   -0.000    47 84    8.373   6.169   8  7   0  0   1  1
    0.008    0.010   -0.003    49 85    0.379   0.000   5  3   1  1   1  1
    1.519    1.457    0.062    50 85    1.024   0.000   1  3   1  1   1  1
    0.014    0.006    0.008    53 85    1.357   0.379   7  5   1  1   1  1
    0.167    0.134    0.032    55 85    1.603   1.357   9  7   1  1   1  1
    0.082    0.087   -0.005    56 85    3.594   3.430   3  5   0  0   1  1
    0.626    0.583    0.043    58 85    3.911   3.594   1  3   0  0   1  1
    0.000    0.002   -0.002    62 86    2.854   0.000   1  0   0  0   1  1
    0.293    0.281    0.012    63 86    2.854   1.600   1  2   0  0   1  1
    0.149    0.138    0.011    64 86    4.470   3.869   6  5   1  1   1  1
    0.037    0.038   -0.001    67 86    4.659   4.470   7  6   1  1   1  1
    0.015    0.014    0.001    69 86    5.676   4.659   8  7   1  1   1  1
    0.195    0.174    0.021    71 86    5.949   5.676   9  8   1  1   1  1
    0.000    0.000    0.000    73 86    7.706   6.503   9  8   0  0   1  1
    0.018    0.022   -0.004    74 87    0.376   0.000   5  3   1  1   1  1
    0.997    0.915    0.082    75 87    0.595   0.000   1  3   1  1   1  1
    0.043    0.018    0.026    78 87    1.709   0.376   7  5   1  1   1  1
    0.000    0.000    0.000    79 87    2.121   1.555   7  9   0  0   1  1
    0.032    0.050   -0.018    81 87    2.346   1.709   9  7   1  1   1  1
    0.009    0.012   -0.003    83 87    2.420   2.121   5  7   0  0   1  1
    0.019    0.019    0.000    86 87    3.038   2.420   3  5   0  0   1  1
    0.001    0.000    0.001    87 87    3.641   3.001  15 13   0  0   1  1
    0.016    0.018   -0.002    90 87    7.334   6.227  23 21   1  1   1  1
    0.000    0.001   -0.001    93 87    9.408   9.028  25 23   0  0   1  1
    0.012    0.013   -0.001    95 88    3.387   1.825   3  2   0  0   1  1
    0.421    0.393    0.028    96 88    3.484   0.000   1  0   0  0   1  1
    0.143    0.100    0.044    97 88    3.484   1.825   1  2   0  0   1  1
    0.038    0.040   -0.002   100 88    3.912   2.667   4  3   1  1   1  1
    0.020    0.008    0.012   101 88    3.912   3.539   4  5   1  1   1  1
    0.100    0.054    0.046   102 88    4.044   3.539   6  5   1  1   1  1
    0.014    0.014   -0.001   105 88    7.027   6.757  10  9   0  0   1  1
    0.000    0.001   -0.001   107 88    7.769   7.027  11 10   0  0   1  1
    0.192    0.117    0.074   109 88    9.891   9.202  12 11   1  1   1  1
    0.002    0.003   -0.001   111 89    1.543   1.529   5  3   1  1   1  1
    0.000    0.000    0.000   113 89    2.486   0.862  11  9   0  0   1  1
    0.137    0.105    0.032   114 89    2.524   0.862   7  9   0  0   1  1
    0.154    0.147    0.007   115 89    2.524   1.911   7  5   0  0   1  1
    0.014    0.017   -0.003   118 89    2.808   2.486  13 11   0  0   1  1
    0.000    0.000    0.000   120 89    3.197   1.543   7  5   1  1   1  1
    0.009    0.008    0.001   123 89    3.390   3.197   9  7   1  1   1  1
    0.003    0.002    0.001   124 89    3.532   3.171  11 13   1  1   1  1
    0.030    0.021    0.009   126 89    3.532   3.390  11  9   1  1   1  1
    0.006    0.008   -0.002   128 89    4.002   2.808  15 13   0  0   1  1
    0.047    0.035    0.012   129 89    4.140   1.911   3  5   0  0   1  1
    0.356    0.343    0.012   131 89    4.140   4.046   3  1   0  0   1  1
    0.013    0.017   -0.004   132 89    4.153   3.171  15 13   1  1   1  1
    0.065    0.025    0.041   135 89    4.928   4.460  19 17   1  1   1  1
    0.125    0.182   -0.057   137 89    5.219   4.928  21 19   1  1   1  1
    0.437    0.442   -0.005   139 90    2.277   2.277   5  5   1  1   1  1
    0.443    0.442    0.001   141 90    2.715   2.694   3  4   1  1   1  1
    0.001    0.001   -0.000   145 90    3.972   2.199   3  2   0  0   1  1
    0.001    0.001    0.000   146 90    3.972   3.063   3  4   0  0   1  1
    0.047    0.028    0.019   147 90    4.034   2.277   6  5   1  1   1  1
    0.261    0.261    0.000   150 90    4.083   4.034   7  6   1  1   1  1
    0.002    0.001    0.000   151 90    4.365   3.063   5  4   0  0   1  1
    0.020    0.021   -0.001   152 90    4.365   3.372   5  6   0  0   1  1
    0.507    0.521   -0.014   155 91    1.333   0.081   3  1   1  1   1  1
    0.217    0.202    0.015   156 91    1.333   1.220   3  5   1  1   1  1
    0.001    0.002   -0.001   157 91    1.584   0.000   7  9   0  0   1  1
    0.004    0.008   -0.004   159 91    1.819   1.584   5  7   0  0   1  1
    0.029    0.025    0.004   162 91    2.167   1.220   7  5   1  1   1  1
    0.477    0.478   -0.001   164 91    2.167   1.853   7  9   1  1   1  1
    0.000    0.000   -0.000   166 91    2.304   0.000  11  9   0  0   1  1
    0.000    0.000    0.000   168 91    2.304   2.258  11 13   0  0   1  1
    0.002    0.003   -0.000   169 91    2.728   1.990  15 13   1  1   1  1
    0.467    0.475   -0.008   170 91    2.728   2.030  15 17   1  1   1  1
    0.000    0.000   -0.000   173 91    3.206   2.258  15 13   0  0   1  1
    0.000    0.000   -0.000   175 91    3.206   3.118  15 17   0  0   1  1
    0.358    0.353    0.005   181 92    2.927   2.450   4  5   1  1   1  1
    0.465    0.456    0.009   182 92    2.927   2.877   4  3   1  1   1  1
    0.000    0.000   -0.000   185 93    1.272   0.755   5  7   0  0   1  1
    0.000    0.000    0.000   187 93    1.544   0.000  11  9   0  0   1  1
    0.000    0.000   -0.000   189 93    1.544   1.464  11 13   0  0   1  1
    0.000    0.000   -0.000   191 93    1.708   1.272   3  5   0  0   1  1
    0.174    0.193   -0.019   201 94    3.053   2.560   4  5   1  1   1  1
    0.191    0.228   -0.037   202 94    3.053   3.011   4  3   1  1   1  1
    0.000    0.000   -0.000   203 94    3.242   2.172   5  4   0  0   1  1
    0.000    0.000   -0.000   204 94    3.242   2.461   5  6   0  0   1  1
    0.000    0.000    0.000   205 94    3.255   2.461   7  6   0  0   1  1
    0.000    0.000   -0.000   206 94    3.255   2.548   7  8   0  0   1  1
    0.047    0.039    0.008   209 94    3.677   3.011   2  3   1  1   1  1
    0.028    0.018    0.010   211 94    3.705   2.560   6  5   1  1   1  1
    0.030    0.025    0.005   213 94    3.705   3.622   6  7   1  1   1  1
    0.000    0.000   -0.000   215 94    4.079   3.677   1  2   1  1   1  1
    0.000    0.000   -0.000   216 94    4.205   2.548   9  8   0  0   1  1
    0.000    0.000   -0.000   218 94    4.205   3.958   9 10   0  0   1  1
    0.011    0.018   -0.007   219 94    4.846   0.000   1  0   0  0   1  1
    0.000    0.000   -0.000   220 94    4.846   1.466   1  2   0  0   1  1
    0.001    0.001   -0.001   222 95    1.217   0.694   5  7   0  0   1  1
    0.000    0.000    0.000   224 95    1.474   0.000  11  9   0  0   1  1
    0.000    0.000   -0.000   226 95    1.474   1.396  11 13   0  0   1  1
    0.539    0.543   -0.004   227 95    1.509   0.568   3  1   1  1   1  1
    0.222    0.217    0.005   229 95    1.569   1.509   5  3   1  1   1  1
    0.000    0.000   -0.000   231 95    1.608   1.217   3  5   0  0   1  1
    0.001    0.001   -0.000   233 95    1.855   1.608   1  3   0  0   1  1
    0.000    0.000   -0.000   237 95    3.180   2.141  19 17   0  0   1  1
    0.000    0.000   -0.000   239 95    3.180   2.461  19 21   0  0   1  1
    0.000    0.000   -0.000   243 96    3.156   2.354   7  6   0  0   1  1
    0.000    0.000   -0.000   244 96    3.156   2.477   7  8   0  0   1  1
    0.000    0.000    0.000   247 96    4.109   2.477   9  8   0  0   1  1
    0.000    0.000   -0.000   249 96    4.109   3.819   9 10   0  0   1  1
    0.006    0.004    0.002   250 96    4.265   3.612   8  7   1  1   1  1
    0.127    0.162   -0.035   252 96    5.460   4.174  10  9   1  1   1  1
    0.343    0.326    0.016   254 96    5.460   4.363  10 11   1  1   1  1
    0.669    0.650    0.019   256 96    6.080   4.177   0  1   1  1   1  1
    0.000    0.000   -0.000   257 97    0.671   0.000   7  9   0  0   1  1
    0.000    0.000    0.000   260 97    2.081   1.316  15 13   0  0   1  1
    0.120    0.188   -0.068   263 97    3.184   2.240  15 13   1  1   1  1
    0.207    0.184    0.023   264 97    3.184   2.241  15 17   1  1   1  1
    0.192    0.165    0.027   270 98    3.173   2.606   4  5   1  1   1  1
    1.078    1.110   -0.032   272 98    3.360   3.173   3  4   1  1   1  1
    0.999    1.030   -0.031   273 98    4.419   2.606   6  5   1  1   1  1
    0.013    0.017   -0.004   275 98    5.107   0.000   1  0   0  0   1  1
    0.000    0.000   -0.000   276 98    5.107   1.352   1  2   0  0   1  1
    0.013    0.009    0.004   278 98    5.210   4.419   7  6   1  1   1  1
    0.001    0.002   -0.001   280 98    5.586   3.173   2  4   1  1   1  1
    0.001    0.001   -0.001   281 98    5.586   3.360   2  3   1  1   1  1
    0.000    0.000    0.000   282 98    7.205   1.352   3  2   0  0   1  1
    0.013    0.019   -0.007   283 98    7.205   2.086   3  4   0  0   1  1
    0.956    0.956    0.000   285 99    0.727   0.727   1  1   1  1   1  1
    0.002    0.002    0.000   287 99    3.580   1.776   5  3   1  1   1  1
