  123.900  123.400    0.500  80    1.468   0.000   2  0   0  0   1  1   
   96.830   87.300    9.530  80    1.890   1.468   4  2   0  0   1  1   
   51.540   45.330    6.210  80    6.759   6.260   5  7   1  1   1  1   
   75.400   76.240   -0.840  80    6.759   6.664   5  3   1  1   1  1   
   91.580   14.060   77.520  81    0.429   0.000   3  5   1  1   1  1   
   63.730   57.410    6.320  81    1.490   0.000   7  5   1  1   1  1   
   10.800   55.180  -44.380  81    1.490   0.429   7  3   1  1   1  1   
    3.817    2.843    0.974  81    1.490   1.280   7  9   1  1   1  1   
  190.800  187.600    3.200  82    1.530   0.000   2  0   0  0   1  1   
   10.100    0.077   10.023  82    2.214   1.530   4  2   0  0   1  1   
    4.353    4.874   -0.521  82    2.748   1.530   3  2   0  0   1  1   
  163.700   73.290   90.410  82    2.748   2.214   3  4   0  0   1  1   
   47.540    6.002   41.538  82    3.619   2.214   6  4   0  0   1  1   
  165.700  139.100   26.600  82    5.843   5.454   4  3   1  1   1  1   
    0.094    0.115   -0.021  83    0.092   0.000   3  5   1  1   1  1   
   81.540   67.630   13.910  83    0.781   0.000   1  5   1  1   1  1   
  215.700  243.100  -27.400  83    0.781   0.092   1  3   1  1   1  1 * 
   34.070   46.560  -12.490  83    1.466   0.000   7  5   1  1   1  1   
  107.600   86.720   20.880  83    1.466   0.092   7  3   1  1   1  1   
   62.010   61.680    0.330  83    4.796   4.214  17 13   0  0   1  1   
   87.030   80.640    6.390  83    4.796   4.766  17 15   0  0   1  1   
    0.304    0.162    0.142  83    8.517   1.776  15 11   1  1   1  1   
    0.010    0.014   -0.004  83    8.517   2.810  15 13   1  1   1  1   
    0.000    0.000    0.000  83    8.530   2.810  17 13   1  1   1  1   
    0.006    0.002    0.004  83   14.198   6.563  25 21   0  0   1  1   
    0.309    0.286    0.024  83   14.396   6.030  23 19   0  0   1  1   
    0.126    0.184   -0.059  83   14.396   6.563  23 21   0  0   1  1   
  198.100  197.400    0.700  84    1.678   0.000   2  0   0  0   1  1   
   10.190   13.350   -3.160  84    2.281   1.678   4  2   0  0   1  1   
    2.714    2.792   -0.078  84    2.551   1.678   3  2   0  0   1  1   
  155.000  162.900   -7.900  84    2.551   2.281   3  4   0  0   1  1   
    3.596  154.200 -150.604  84    4.960   4.866   7  5   1  1   1  1   
  167.500    2.903  164.597  84    4.960   4.923   7  6   1  1   1  1   
    0.640    1.862   -1.222  84    7.265   6.518  10  9   1  1   1  1   
   35.850   31.720    4.130  84    7.265   6.562  10  8   1  1   1  1   
   39.210   39.030    0.180  84    8.037   6.518  11  9   1  1   1  1   
    0.952    0.705    0.247  84    8.037   7.265  11 10   1  1   1  1   
    0.007    0.010   -0.002  84    8.387   3.746   8  6   0  0   1  1   
    0.001    0.000    0.001  84    8.387   6.268   8  7   0  0   1  1   
  191.000  144.300   46.700  84    9.296   8.387  10  8   0  0   1  1   
   28.080   22.430    5.650  85    0.410   0.000   5  3   1  1   1  1   
  103.200  110.000   -6.800  85    1.010   0.000   1  3   1  1   1  1   
    4.712    5.082   -0.370  85    1.010   0.410   1  5   1  1   1  1   
    0.500    1.051   -0.551  85    1.360   0.000   7  3   1  1   1  1   
  188.700  194.500   -5.800  85    1.360   0.410   7  5   1  1   1  1   
  105.700  109.000   -3.300  85    1.591   0.410   9  5   1  1   1  1   
  156.900  155.700    1.200  85    1.591   1.360   9  7   1  1   1  1   
    0.061    0.049    0.012  85   11.399   5.975  25 21   0  0   1  1   
  193.300  197.400   -4.100  86    1.579   0.000   2  0   0  0   1  1   
    0.008    0.024   -0.015  86    2.293   1.579   4  2   0  0   1  1   
    0.015    0.179   -0.164  86    2.892   1.579   1  2   0  0   1  1   
    0.689    0.318    0.371  86    4.524   3.911   6  5   1  1   1  1   
    0.938    0.850    0.089  86    4.524   4.450   6  4   1  1   1  1   
   26.990   19.020    7.970  86    4.673   3.911   7  5   1  1   1  1   
  180.500  169.700   10.800  86    4.673   4.524   7  6   1  1   1  1   
   65.780   60.460    5.320  86    5.663   4.524   8  6   1  1   1  1   
   55.400   43.420   11.980  86    5.663   4.673   8  7   1  1   1  1   
  107.100   87.440   19.660  86    5.933   4.673   9  7   1  1   1  1   
  186.000  192.300   -6.300  86    5.933   5.663   9  8   1  1   1  1   
    0.001    0.001    0.000  86    6.480   5.078   8  6   0  0   1  1   
   33.850   19.400   14.450  86    7.589   6.480   9  8   0  0   1  1   
   19.080   16.000    3.080  87    0.372   0.000   5  3   1  1   1  1   
   16.590   24.010   -7.420  87    0.586   0.000   1  3   1  1   1  1   
    3.026    1.880    1.146  87    0.586   0.372   1  5   1  1   1  1   
   28.690   39.340  -10.650  87    1.730   0.000   7  3   1  1   1  1   
  211.600  202.500    9.100  87    1.730   0.372   7  5   1  1   1  1 * 
  105.400  126.600  -21.200  87    2.108   1.571   7  9   0  0   1  1   
  116.300  118.100   -1.800  87    2.267   0.372   9  5   1  1   1  1   
   24.150   17.290    6.860  87    2.267   1.730   9  7   1  1   1  1   
  169.300  157.700   11.600  87    2.334   1.571   5  9   0  0   1  1   
  178.200  162.200   16.000  87    2.334   2.108   5  7   0  0   1  1   
  167.400  161.600    5.800  87    2.976   1.571  13  9   0  0   1  1   
   10.720   10.970   -0.250  87    2.980   2.108   3  7   0  0   1  1   
   57.680   63.520   -5.840  87    2.980   2.334   3  5   0  0   1  1   
   15.800   12.430    3.370  87    3.582   2.976  15 13   0  0   1  1   
   17.040   18.810   -1.770  87    3.582   3.099  15 11   0  0   1  1   
   84.260   65.210   19.050  87    7.271   5.959  23 19   1  1   1  1   
   45.130   39.910    5.220  87    7.271   6.207  23 21   1  1   1  1   
    0.000    0.000   -0.000  87    8.823   5.848  23 19   0  0   1  1   
    0.022    0.001    0.021  87    9.338   6.711  25 21   0  0   1  1   
  183.900  183.300    0.600  88    1.792   0.000   2  0   0  0   1  1   
    0.132    0.246   -0.115  88    3.383   1.792   3  2   0  0   1  1   
    0.292    0.508   -0.215  88    3.479   1.792   1  2   0  0   1  1   
    7.815    5.832    1.983  88    3.479   3.383   1  3   0  0   1  1   
   49.610   40.590    9.020  88    3.525   2.698   5  3   1  1   1  1   
   10.240    6.136    4.104  88    3.884   2.698   4  3   1  1   1  1   
   69.890   79.740   -9.850  88    3.884   3.525   4  5   1  1   1  1   
   93.750  128.400  -34.650  88    4.068   3.525   6  5   1  1   1  1   
   13.570   19.060   -5.490  88    4.068   3.884   6  4   1  1   1  1   
   13.220    8.042    5.178  88    7.701   6.719  11  9   0  0   1  1   
   39.030   30.070    8.960  88    7.701   7.013  11 10   0  0   1  1   
    0.087    0.266   -0.179  88    9.102   6.313  11  9   1  1   1  1   
  116.700  117.900   -1.200  90    2.199   0.000   2  0   0  0   1  1   
   15.160   15.050    0.110  90    2.678   2.275   4  5   1  1   1  1   
   82.700   76.030    6.670  90    2.753   2.275   3  5   1  1   1  1   
    0.092    0.694   -0.602  90    2.753   2.678   3  4   1  1   1  1   
  297.000  297.900   -0.900  90    3.070   2.199   4  2   0  0   1  1 * 
  181.700  182.000   -0.300  90    3.378   3.070   6  4   0  0   1  1   
   81.970   82.280   -0.310  90    3.500   3.378   8  6   0  0   1  1   
    6.299    7.385   -1.086  90    4.061   2.199   3  2   0  0   1  1   
   47.680   50.380   -2.700  90    4.061   3.070   3  4   0  0   1  1   
   33.700   37.370   -3.670  90    4.062   2.275   6  5   1  1   1  1   
    7.385    6.384    1.001  90    4.062   2.678   6  4   1  1   1  1   
   50.750   50.010    0.740  90    4.064   2.275   7  5   1  1   1  1   
  129.400  136.300   -6.900  90    4.064   4.062   7  6   1  1   1  1   
    4.348    4.883   -0.535  90    4.372   3.070   5  4   0  0   1  1   
  120.800  121.100   -0.300  90    4.372   3.378   5  6   0  0   1  1   
   43.280   46.230   -2.950  90    4.372   4.061   5  3   0  0   1  1   
  187.900  189.700   -1.800  91    1.237   0.092   5  1   1  1   1  1   
  190.000  182.100    7.900  91    1.344   0.092   3  1   1  1   1  1   
   20.030   18.400    1.630  91    1.344   1.237   3  5   1  1   1  1   
   98.070  102.700   -4.630  91    1.582   0.000   7  9   0  0   1  1   
   72.800   79.060   -6.260  91    1.807   0.000   5  9   0  0   1  1   
    5.294   10.570   -5.276  91    1.807   1.582   5  7   0  0   1  1   
  157.900  164.100   -6.200  91    1.848   1.237   9  5   1  1   1  1   
   40.890   42.750   -1.860  91    2.032   1.979  17 13   1  1   1  1   
   12.310   12.800   -0.490  91    2.175   1.237   7  5   1  1   1  1   
   81.220   84.630   -3.410  91    2.175   1.344   7  3   1  1   1  1   
    3.079    5.682   -2.603  91    2.175   1.848   7  9   1  1   1  1   
   79.540   83.590   -4.050  91    2.265   0.000  13  9   0  0   1  1   
   69.460   70.960   -1.500  91    2.279   0.000  11  9   0  0   1  1   
  143.600  133.600   10.000  91    2.279   1.582  11  7   0  0   1  1   
  300.500  281.400   19.100  91    2.279   2.265  11 13   0  0   1  1 * 
    0.000    0.014   -0.014  91    2.694   1.979  15 13   1  1   1  1   
   19.230   17.260    1.970  91    2.694   2.032  15 17   1  1   1  1   
   49.910   51.340   -1.430  91    2.694   2.440  15 11   1  1   1  1   
  267.900  275.300   -7.400  91    3.120   2.265  17 13   0  0   1  1 * 
   58.520   53.880    4.640  91    3.203   2.265  15 13   0  0   1  1   
  164.000  159.100    4.900  91    3.203   2.279  15 11   0  0   1  1   
  100.000   94.190    5.810  91    3.203   3.120  15 17   0  0   1  1   
  193.900  193.400    0.500  92    1.556   0.000   2  0   0  0   1  1   
  138.300  138.800   -0.500  92    2.280   1.556   4  2   0  0   1  1   
   81.800   82.350   -0.550  92    2.548   2.280   6  4   0  0   1  1   
   32.070   32.510   -0.440  92    2.661   2.548   8  6   0  0   1  1   
  199.900  182.900   17.000  92    2.850   2.453   3  5   1  1   1  1   
   24.870   22.250    2.620  92    2.921   2.453   4  5   1  1   1  1   
    1.159    0.012    1.147  92    2.921   2.850   4  3   1  1   1  1   
  219.000  217.100    1.900  92    3.561   2.453   7  5   1  1   1  1 * 
  302.000  303.900   -1.900  93    0.756   0.000   7  9   0  0   1  1 * 
  171.500  173.200   -1.700  93    1.261   0.000   5  9   0  0   1  1   
    6.244    8.945   -2.701  93    1.261   0.756   5  7   0  0   1  1   
  253.400  256.800   -3.400  93    1.458   0.399   5  1   1  1   1  1 * 
  116.300  115.900    0.400  93    1.531   0.000  11  9   0  0   1  1   
   69.600   66.650    2.950  93    1.531   0.756  11  7   0  0   1  1   
  148.100  143.900    4.200  93    1.531   1.460  11 13   0  0   1  1   
   28.140   30.970   -2.830  93    1.697   0.756   3  7   0  0   1  1   
  240.100  246.600   -6.500  93    1.697   1.261   3  5   0  0   1  1 * 
    2.450    4.160   -1.710  93    1.970   1.458   9  5   1  1   1  1   
   12.220   12.370   -0.150  93    2.156   1.970  13  9   1  1   1  1   
   25.700    8.362   17.338  93    2.156   2.147  13 17   1  1   1  1   
   21.280   22.820   -1.540  93    5.066   2.536  25 21   0  0   1  1   
  248.900  247.900    1.000  94    1.464   0.000   2  0   0  0   1  1 * 
   10.760   13.150   -2.390  94    2.167   1.464   4  2   0  0   1  1   
    5.810    5.398    0.412  94    2.467   2.167   6  4   0  0   1  1   
    2.315    2.110    0.205  94    2.552   2.467   8  6   0  0   1  1   
  234.300  211.900   22.400  94    2.939   2.568   3  5   1  1   1  1 * 
  203.100  246.200  -43.100  94    3.055   2.568   4  5   1  1   1  1 * 
    0.373    0.786   -0.412  94    3.055   2.939   4  3   1  1   1  1   
  188.500  190.500   -2.000  94    3.234   2.167   5  4   0  0   1  1   
   38.540   38.840   -0.300  94    3.234   2.467   5  6   0  0   1  1   
  102.400  106.200   -3.800  94    3.249   2.467   7  6   0  0   1  1   
  172.900  173.700   -0.800  94    3.249   2.552   7  8   0  0   1  1   
   31.830   33.510   -1.680  94    3.249   3.234   7  5   0  0   1  1   
  274.000  268.600    5.400  94    3.623   2.568   7  5   1  1   1  1 * 
  227.100  210.000   17.100  94    3.678   2.939   2  3   1  1   1  1 * 
   30.360   29.770    0.590  94    3.678   3.055   2  4   1  1   1  1   
  137.400  148.000  -10.600  94    3.707   2.568   6  5   1  1   1  1   
    0.105    0.741   -0.636  94    3.707   3.055   6  4   1  1   1  1   
    3.606    3.950   -0.344  94    3.707   3.623   6  7   1  1   1  1   
  136.700  146.000   -9.300  94    4.066   2.939   1  3   1  1   1  1   
   45.030   44.600    0.430  94    4.197   2.552   9  8   0  0   1  1   
   62.390   59.740    2.650  94    4.197   3.249   9  7   0  0   1  1   
   67.910   65.700    2.210  94    4.197   3.959   9 10   0  0   1  1   
    2.039    3.837   -1.798  94    4.856   1.464   1  2   0  0   1  1   
  377.000  379.200   -2.200  95    0.690   0.000   7  9   0  0   1  1 * 
  162.700  167.200   -4.500  95    1.198   0.000   5  9   0  0   1  1   
  132.200  114.800   17.400  95    1.198   0.690   5  7   0  0   1  1   
  221.200  222.500   -1.300  95    1.397   0.000  13  9   0  0   1  1 * 
  139.500  139.100    0.400  95    1.468   0.000  11  9   0  0   1  1   
    4.731    2.814    1.917  95    1.468   0.690  11  7   0  0   1  1   
    3.466    1.688    1.778  95    1.468   1.397  11 13   0  0   1  1   
  245.700  237.300    8.400  95    1.506   0.597   3  1   1  1   1  1 * 
  247.000  250.100   -3.100  95    1.583   0.597   5  1   1  1   1  1 * 
   20.570   19.950    0.620  95    1.583   1.506   5  3   1  1   1  1   
    1.046    0.591    0.455  95    1.585   0.690   3  7   0  0   1  1   
    0.999    0.776    0.223  95    1.585   1.198   3  5   0  0   1  1   
  234.400  244.400  -10.000  95    1.838   1.198   1  5   0  0   1  1 * 
  206.200  212.000   -5.800  95    1.838   1.585   1  3   0  0   1  1 * 
   50.810   35.340   15.470  95    2.081   1.583   9  5   1  1   1  1   
    1.996    0.036    1.961  95    2.140   1.397  17 13   0  0   1  1   
    0.103    1.702   -1.599  95    2.474   2.140  21 17   0  0   1  1   
  104.000  110.000   -6.000  95    3.176   2.140  19 17   0  0   1  1   
   49.550   51.100   -1.550  95    3.176   2.215  19 15   0  0   1  1   
   70.200   71.140   -0.940  95    3.176   2.474  19 21   0  0   1  1   
  270.500  273.200   -2.700  97    0.674   0.000   7  9   0  0   1  1 * 
  150.600  151.300   -0.700  97    1.093   0.000   5  9   0  0   1  1   
   60.290   51.450    8.840  97    1.093   0.674   5  7   0  0   1  1   
  163.300  163.700   -0.400  97    1.319   0.000  13  9   0  0   1  1   
   24.730   24.600    0.130  97    2.087   1.319  15 13   0  0   1  1   
   80.730   81.810   -1.080  97    2.087   1.526  15 11   0  0   1  1   
  110.300   94.850   15.450  97    2.229   2.202  17 13   1  1   1  1   
    0.681    0.918   -0.237  97    3.172   2.202  15 13   1  1   1  1   
    0.971    0.668    0.303  97    3.172   2.229  15 17   1  1   1  1   
   41.380   43.790   -2.410  97    3.172   2.801  15 11   1  1   1  1   
