Energy outputs   (0.096 MeV RMS for JP fit): 
       exp      error        BAB         JP       Diff 
    0.0000     1.2042     0.0000     0.0000     0.0000
  -14.7900     0.1450   -14.8441   -14.8442     0.0001
    0.6560    -0.0500   -14.1266   -14.1266    -0.0000
    1.5110    -0.0500   -13.3292   -13.3292     0.0000
    4.7000     1.0060    -9.6414    -9.6414    -0.0000
  -31.3200     0.1000   -31.1814   -31.1814     0.0000
    1.4970     0.1000   -29.6990   -29.6990     0.0000
    1.9790     0.1000   -29.1417   -29.1418     0.0001
    2.6300     0.1000   -28.7319   -28.7319    -0.0000
  -44.5880     0.1000   -44.5157   -44.5157    -0.0000
    0.3510     0.1000   -44.0640   -44.0641     0.0001
    0.8030     0.1000   -43.9094   -43.9094     0.0000
    1.2360     0.1000   -43.1434   -43.1434     0.0000
    1.9520     0.1000   -42.6159   -42.6159     0.0000
    4.0000     1.0060   -40.4192   -40.4192    -0.0000
  -59.6640     0.1000   -59.5026   -59.5026    -0.0000
    1.3480     0.1000   -57.9733   -57.9733     0.0000
    2.2160     0.1000   -57.1067   -57.1067     0.0000
    2.2880     0.1000   -57.2701   -57.2701    -0.0000
    2.3330     0.1000   -57.1138   -57.1138     0.0000
    2.5240     0.1000   -57.1114   -57.1114     0.0000
    2.7020     0.1000   -56.7519   -56.7520     0.0001
    2.7140     0.1000   -56.7399   -56.7399    -0.0000
    2.8830     1.0060   -56.2607   -56.2607     0.0000
    2.9330     1.0060   -55.6578   -55.6578     0.0000
    3.2270     1.0060   -55.9555   -55.9556     0.0001
  -71.2070     0.1000   -71.1173   -71.1173     0.0000
    0.3070     0.1000   -71.0294   -71.0294    -0.0000
    0.7120     0.1000   -70.2185   -70.2185     0.0000
    1.1940     0.1000   -70.0638   -70.0638     0.0000
    1.5430     0.1000   -69.5901   -69.5902     0.0001
    1.8670     0.1000   -69.3530   -69.3530    -0.0000
    2.7790     1.0060   -68.1221   -68.1221     0.0000
    3.0940     1.0060   -68.2872   -68.2873     0.0001
  -84.7750     0.1000   -84.6858   -84.6858    -0.0000
    1.4540     0.1000   -82.9655   -82.9656     0.0001
    2.1220     0.1000   -82.4417   -82.4417    -0.0000
    2.4610     0.1000   -82.0449   -82.0450     0.0001
    1.9670     0.1000   -82.9462   -82.9463     0.0001
    2.7000     0.1000   -82.1487   -82.1488     0.0001
    3.3720     1.0060   -80.9366   -80.9366     0.0000
    3.5380     1.0060   -80.9738   -80.9738    -0.0000
  -94.6910     0.1000   -94.8026   -94.8026     0.0000
    0.3450     0.1000   -94.3940   -94.3941     0.0001
    0.9560     0.1000   -93.8479   -93.8479     0.0000
    1.1910     0.1000   -93.7422   -93.7422    -0.0000
    1.4270     0.1000   -93.4418   -93.4418     0.0000
    1.5530     0.1000   -93.2957   -93.2957    -0.0000
    1.5710     0.1000   -93.2590   -93.2590    -0.0000
    1.7250     0.1000   -93.1281   -93.1281    -0.0000
    1.7950     0.1000   -93.1901   -93.1901    -0.0000
    1.8590     0.1000   -92.6071   -92.6071     0.0000
    2.1650     0.1000   -92.7555   -92.7556     0.0001
    3.3260     1.0060   -90.4209   -90.4209    -0.0000
    3.4210     1.0060   -91.0309   -91.0309     0.0000
    3.6850     1.0060   -90.8118   -90.8118     0.0000
    3.8560     0.1000   -90.8271   -90.8271    -0.0000
 -106.6700     0.1000  -106.7549  -106.7549     0.0000
    1.5650     0.1000  -105.1326  -105.1325    -0.0001
    2.2500     0.1000  -104.4744  -104.4744     0.0000
    2.3490     0.1000  -104.2746  -104.2746     0.0000
    2.7260     1.0060  -104.0347  -104.0347    -0.0000
    2.9170     0.1000  -103.7602  -103.7603     0.0001
    3.0990     0.1000  -103.4504  -103.4504     0.0000
    3.9350     0.1000  -102.8582  -102.8581    -0.0001
    4.4310     0.1000  -102.3274  -102.3274     0.0000
    4.6930     1.2042  -102.1596  -102.1596    -0.0000
 -115.2920     0.1000  -115.3648  -115.3648     0.0000
    0.4030     0.1000  -114.9099  -114.9100     0.0001
    0.8450     0.1000  -114.7111  -114.7111    -0.0000
    1.3490     0.1000  -113.6248  -113.6249     0.0001
    1.3900     0.1000  -114.0539  -114.0539     0.0000
    1.4630     0.1000  -113.9774  -113.9774     0.0000
    1.5780     0.1000  -113.8550  -113.8550    -0.0000
    1.6780     0.1000  -113.5177  -113.5178     0.0001
    1.7400     1.0060  -113.0511  -113.0511    -0.0000
    3.0010     0.1000  -112.3014  -112.3014    -0.0000
    3.0990     0.1000  -112.3234  -112.3235     0.0001
    3.6440     0.1000  -111.8635  -111.8635     0.0000
    4.1510     0.1000  -111.2753  -111.2754     0.0001
 -125.9040     0.1000  -125.9388  -125.9388    -0.0000
    1.8360     0.1000  -124.1272  -124.1271    -0.0001
    2.7340     0.1000  -123.3120  -123.3120     0.0000
    3.1560     0.1000  -122.7513  -122.7513    -0.0000
    3.2180     0.1000  -122.8209  -122.8210     0.0001
    3.6350     0.1000  -122.4809  -122.4809     0.0000
    3.4870     0.1000  -122.4643  -122.4642    -0.0001
    3.5850     0.1000  -122.4241  -122.4241    -0.0000
    3.9530     0.1000  -122.1246  -122.1246    -0.0000
    3.9920     1.0060  -122.0873  -122.0873     0.0000
    4.0200     0.1000  -121.8371  -121.8372     0.0001
 -132.9830     0.1000  -133.0465  -133.0465     0.0000
    0.9090     0.1000  -132.1571  -132.1571    -0.0000
    1.5070     0.1000  -131.4743  -131.4743    -0.0000
    1.7450     0.1000  -131.4532  -131.4533     0.0001
    2.2220     0.1000  -131.0750  -131.0750     0.0000
    2.5300     0.1000  -130.5715  -130.5715    -0.0000
    2.5670     0.1000  -130.5851  -130.5852     0.0001
    2.6220     0.1000  -130.2741  -130.2740    -0.0001
    2.8930     0.1000  -130.2400  -130.2400    -0.0000
    3.3430     0.1000  -129.8452  -129.8451    -0.0001
    4.1320     0.1000  -128.9660  -128.9659    -0.0001
    4.4500     0.1000  -128.5871  -128.5870    -0.0001
    4.8390     0.1000  -128.1138  -128.1139     0.0001
 -141.3330     0.1000  -141.3526  -141.3526     0.0000
    1.7610     0.1000  -139.6145  -139.6145     0.0000
    2.1860     0.1000  -139.1756  -139.1756    -0.0000
    2.3190     0.1000  -139.0699  -139.0699    -0.0000
    2.7390     0.1000  -138.6545  -138.6545     0.0000
    2.7480     0.1000  -138.6382  -138.6382     0.0000
    3.0770     0.1000  -138.2771  -138.2771     0.0000
    3.3090     0.1000  -137.8925  -137.8925    -0.0000
    3.4480     0.1000  -137.9498  -137.9498    -0.0000
    3.5890     0.1000  -137.8340  -137.8340    -0.0000
    4.3750     1.0060  -137.2935  -137.2935     0.0000
    5.2480     0.1000  -136.2135  -136.2136     0.0001
    5.6440     0.1000  -135.9077  -135.9077     0.0000
 -146.4880     0.1000  -146.5552  -146.5552    -0.0000
    0.1050     0.1000  -146.4562  -146.4562     0.0000
    1.1870     0.1000  -145.3542  -145.3542     0.0000
    1.3130     0.1000  -145.2079  -145.2079    -0.0000
    1.5810     0.1000  -145.0081  -145.0081     0.0000
    1.6130     0.1000  -144.8879  -144.8880     0.0001
    1.6370     0.1000  -144.9409  -144.9409    -0.0000
    1.7900     0.1000  -144.6920  -144.6921     0.0001
    1.9840     0.1000  -144.5695  -144.5695    -0.0000
    2.0340     0.1000  -144.5144  -144.5144    -0.0000
    2.2900     0.1000  -144.2990  -144.2990     0.0000
    2.4130     0.1000  -144.1205  -144.1205    -0.0000
    2.6600     0.1000  -143.8280  -143.8280     0.0000
    3.1100     0.1000  -143.4145  -143.4145    -0.0000
    3.4660     0.1000  -143.0368  -143.0368     0.0000
 -153.9470     0.1000  -153.9255  -153.9255    -0.0000
    1.5100     0.1000  -152.3742  -152.3742     0.0000
    2.2830     0.1000  -151.6221  -151.6222     0.0001
    2.5200     0.1000  -151.4315  -151.4315    -0.0000
    2.5270     0.1000  -151.4573  -151.4572    -0.0001
    2.6120     0.1000  -151.3591  -151.3591     0.0000
    2.7600     0.1000  -151.2446  -151.2446     0.0000
    2.8500     0.1000  -151.0293  -151.0293     0.0000
    3.0910     1.2042  -150.9128  -150.9129     0.0001
    3.6230     1.2042  -150.3642  -150.3643     0.0001
 -158.0340     0.1000  -158.0443  -158.0443    -0.0000
    0.3920     0.1000  -157.6290  -157.6290    -0.0000
    0.6810     0.1000  -157.2949  -157.2949     0.0000
    1.4080     0.1000  -156.6111  -156.6111     0.0000
    1.4340     0.1000  -156.5771  -156.5771    -0.0000
    1.5160     0.1000  -156.5051  -156.5050    -0.0001
    2.1850     0.1000  -155.8698  -155.8698     0.0000
    2.1850     0.1000  -155.8004  -155.8004    -0.0000
    2.1850     0.1000  -155.8911  -155.8911    -0.0000
    2.5350     0.1000  -155.4965  -155.4965     0.0000
    3.2810     0.1000  -154.7604  -154.7604     0.0000
    3.8880     0.1000  -154.0724  -154.0724    -0.0000
 -164.3000     0.1000  -164.2323  -164.2324     0.0001
    1.4310     0.1000  -162.7701  -162.7701     0.0000
    2.1870     0.1000  -162.0518  -162.0519     0.0001
    2.4980     0.1000  -161.7524  -161.7524    -0.0000
    2.5030     0.1000  -161.7629  -161.7629    -0.0000
    2.6240     0.1000  -161.6498  -161.6497    -0.0001
    2.6440     0.1000  -161.6644  -161.6643    -0.0001
    2.9950     0.1000  -161.1674  -161.1674    -0.0000
    3.6580     0.1000  -160.6235  -160.6235    -0.0000
 -167.3460     0.1000  -167.3190  -167.3190    -0.0000
    0.5430     0.1000  -166.6833  -166.6833    -0.0000
    0.6800     0.1000  -166.6243  -166.6243    -0.0000
    1.1800     0.1000  -166.1025  -166.1024    -0.0001
    1.3510     0.1000  -165.9209  -165.9210     0.0001
    1.4300     0.1000  -165.8564  -165.8564    -0.0000
    2.0680     0.1000  -165.1870  -165.1869    -0.0001
    2.2360     0.1000  -165.1023  -165.1022    -0.0001
    2.4500     0.1000  -164.8467  -164.8466    -0.0001
    3.2430     0.1000  -164.0550  -164.0550    -0.0000
    3.7240     0.1000  -163.4547  -163.4547    -0.0000
    3.9090     0.1000  -163.3923  -163.3923    -0.0000
 -172.4780     0.1000  -172.4001  -172.4001     0.0000
    1.4150     0.1000  -170.9948  -170.9948     0.0000
    2.0990     0.1000  -170.2843  -170.2843     0.0000
    2.4240     0.1000  -170.0278  -170.0278     0.0000
    2.5310     0.1000  -169.9119  -169.9119     0.0000
    2.6490     0.1000  -169.7537  -169.7537     0.0000
    3.1840     0.1000  -169.2203  -169.2202    -0.0001
    3.7840     0.1000  -168.5800  -168.5800    -0.0000
 -174.4880     0.1000  -174.4919  -174.4918    -0.0001
    0.7160     0.1000  -173.7945  -173.7945     0.0000
    1.2900     0.1000  -173.1741  -173.1741     0.0000
    1.4180     0.1000  -172.9810  -172.9810     0.0000
    1.6730     0.1000  -172.7603  -172.7602    -0.0001
    2.0200     0.1000  -172.4230  -172.4230    -0.0000
    2.0530     0.1000  -172.3804  -172.3804    -0.0000
    2.3430     0.1000  -172.0903  -172.0903     0.0000
 -178.5090     0.1000  -178.5086  -178.5086     0.0000
    1.3950     0.1000  -177.1354  -177.1354    -0.0000
    2.0820     0.1000  -176.4406  -176.4406     0.0000
    2.2800     0.1000  -176.2443  -176.2443     0.0000
    2.4280     0.1000  -176.0878  -176.0878     0.0000
    2.6270     0.1000  -175.8181  -175.8180    -0.0001
 -179.5910     0.1000  -179.6294  -179.6294     0.0000
 -178.5910     1.2042  -178.6770  -178.6770    -0.0000
    1.3000    -0.0500  -177.3818  -177.3818     0.0000
    2.4000    -0.0500  -176.2632  -176.2631    -0.0001
 -182.5990     0.2600  -182.6056  -182.6055    -0.0001
Parameter outputs (0.235 MeV RMS for 35 VLC fit): 
       BAB         JP       Diff 
  -14.8441   -14.8442    -0.0001
  -14.1266   -14.1266     0.0000
  -13.3292   -13.3292    -0.0000
   -9.6414    -9.6414     0.0000
   -0.2067    -0.2067     0.0000
   -0.8678    -0.8678     0.0000
   -0.7318    -0.7318    -0.0000
    2.4351     2.4351     0.0000
    0.1145     0.1145    -0.0000
   -1.0376    -1.0376    -0.0000
    1.0034     1.0034    -0.0000
    0.5429     0.5430     0.0001
    0.7589     0.7589     0.0000
   -0.5492    -0.5492     0.0000
    0.8296     0.8296    -0.0000
    0.1021     0.1020    -0.0001
    0.6828     0.6828    -0.0000
    0.4007     0.4007     0.0000
   -0.2650    -0.2650    -0.0000
   -0.3456    -0.3456     0.0000
   -0.2631    -0.2630     0.0001
   -0.4604    -0.4604    -0.0000
    0.5412     0.5412    -0.0000
    1.0486     1.0486     0.0000
    0.2069     0.2069    -0.0000
    0.2535     0.2535     0.0000
    0.5297     0.5297    -0.0000
   -0.6338    -0.6338     0.0000
    0.2174     0.2174    -0.0000
    0.0948     0.0949     0.0001
   -0.4860    -0.4860    -0.0000
    0.6922     0.6921    -0.0001
    0.0519     0.0519    -0.0000
    0.2641     0.2640    -0.0001
   -0.6149    -0.6149     0.0000
    0.6450     0.6450     0.0000
    0.1137     0.1137    -0.0000
    0.3851     0.3851    -0.0000
   -0.0932    -0.0932    -0.0000
    0.8055     0.8056     0.0001
   -0.1203    -0.1203     0.0000
    1.1052     1.1053     0.0001
    0.2974     0.2974    -0.0000
    0.1430     0.1430     0.0000
   -0.4017    -0.4017    -0.0000
    0.6100     0.6100     0.0000
    0.1252     0.1252    -0.0000
    0.2433     0.2433     0.0000
    0.2528     0.2528    -0.0000
   -0.8081    -0.8081     0.0000
    0.5710     0.5710     0.0000
   -0.0019    -0.0019     0.0000
   -0.1160    -0.1160     0.0000
    0.5539     0.5539     0.0000
   -0.1592    -0.1592    -0.0000
    0.5947     0.5947     0.0000
    0.3390     0.3390     0.0000
    0.2606     0.2606    -0.0000
    0.0500     0.0499    -0.0001
   -0.4193    -0.4193     0.0000
    0.0716     0.0716     0.0000
    0.4405     0.4405     0.0000
    0.0839     0.0839    -0.0000
    0.6153     0.6153     0.0000
    0.4516     0.4516    -0.0000
    0.8860     0.8860     0.0000
    0.4090     0.4090    -0.0000
   -0.4253    -0.4253    -0.0000
    0.5655     0.5655    -0.0000
